20000
1, 783, 0.990955
783, 1, 0.990955
1, 352, 2.733768
352, 1, 2.733768
1, 8, 2.996259
8, 1, 2.996259
1, 292, 3.308801
292, 1, 3.308801
1, 205, 4.347819
205, 1, 4.347819
1, 859, 4.550217
859, 1, 4.550217
1, 343, 4.861535
343, 1, 4.861535
1, 825, 5.007363
825, 1, 5.007363
1, 662, 5.051705
662, 1, 5.051705
1, 953, 5.166253
953, 1, 5.166253
2, 817, 1.542108
817, 2, 1.542108
2, 289, 1.751669
289, 2, 1.751669
2, 659, 2.350676
659, 2, 2.350676
2, 520, 2.400460
520, 2, 2.400460
2, 445, 2.808698
445, 2, 2.808698
2, 757, 4.354673
757, 2, 4.354673
2, 695, 4.420512
695, 2, 4.420512
2, 440, 4.941733
440, 2, 4.941733
2, 454, 5.094723
454, 2, 5.094723
2, 241, 5.455881
241, 2, 5.455881
3, 81, 1.437357
81, 3, 1.437357
3, 263, 1.633458
263, 3, 1.633458
3, 194, 1.995409
194, 3, 1.995409
3, 563, 4.824595
563, 3, 4.824595
3, 333, 4.881941
333, 3, 4.881941
3, 306, 5.319678
306, 3, 5.319678
3, 382, 5.385231
382, 3, 5.385231
3, 746, 6.089338
746, 3, 6.089338
3, 88, 6.549588
88, 3, 6.549588
3, 511, 6.837194
511, 3, 6.837194
4, 464, 1.250119
464, 4, 1.250119
4, 741, 2.340885
741, 4, 2.340885
4, 797, 3.719243
797, 4, 3.719243
4, 475, 3.736014
475, 4, 3.736014
4, 272, 3.949053
272, 4, 3.949053
4, 231, 4.682947
231, 4, 4.682947
4, 521, 4.892093
521, 4, 4.892093
4, 456, 6.162672
456, 4, 6.162672
4, 59, 6.762083
59, 4, 6.762083
4, 154, 7.168227
154, 4, 7.168227
5, 806, 0.822671
806, 5, 0.822671
5, 571, 1.151329
571, 5, 1.151329
5, 711, 1.636879
711, 5, 1.636879
5, 474, 1.693999
474, 5, 1.693999
5, 658, 2.644353
658, 5, 2.644353
5, 682, 3.127798
682, 5, 3.127798
5, 477, 3.841218
477, 5, 3.841218
5, 879, 4.752262
879, 5, 4.752262
5, 456, 5.704936
456, 5, 5.704936
5, 467, 5.812482
467, 5, 5.812482
6, 922, 1.640885
922, 6, 1.640885
6, 794, 2.454704
794, 6, 2.454704
6, 579, 2.711486
579, 6, 2.711486
6, 95, 3.566402
95, 6, 3.566402
6, 549, 3.822960
549, 6, 3.822960
6, 16, 3.928920
16, 6, 3.928920
6, 31, 4.136176
31, 6, 4.136176
6, 463, 4.175904
463, 6, 4.175904
6, 500, 4.270037
500, 6, 4.270037
6, 428, 4.643588
428, 6, 4.643588
7, 470, 1.113222
470, 7, 1.113222
7, 631, 1.419799
631, 7, 1.419799
7, 52, 1.489773
52, 7, 1.489773
7, 188, 1.804528
188, 7, 1.804528
7, 669, 2.145968
669, 7, 2.145968
7, 502, 2.417243
502, 7, 2.417243
7, 425, 2.922676
425, 7, 2.922676
7, 26, 3.661165
26, 7, 3.661165
7, 108, 4.230440
108, 7, 4.230440
7, 103, 4.435372
103, 7, 4.435372
8, 783, 2.934553
783, 8, 2.934553
8, 343, 2.979320
343, 8, 2.979320
8, 1, 2.996259
1, 8, 2.996259
8, 859, 3.388713
859, 8, 3.388713
8, 232, 4.149087
232, 8, 4.149087
8, 298, 4.796550
298, 8, 4.796550
8, 292, 5.490101
292, 8, 5.490101
8, 352, 5.502194
352, 8, 5.502194
8, 205, 5.619079
205, 8, 5.619079
8, 953, 6.113352
953, 8, 6.113352
9, 788, 0.995636
788, 9, 0.995636
9, 268, 2.423197
268, 9, 2.423197
9, 699, 2.437328
699, 9, 2.437328
9, 212, 3.326066
212, 9, 3.326066
9, 714, 3.652153
714, 9, 3.652153
9, 496, 4.391118
496, 9, 4.391118
9, 742, 4.494869
742, 9, 4.494869
9, 597, 5.531488
597, 9, 5.531488
9, 326, 6.161917
326, 9, 6.161917
9, 672, 6.487580
672, 9, 6.487580
10, 208, 0.180029
208, 10, 0.180029
10, 570, 1.967568
570, 10, 1.967568
10, 993, 1.997885
993, 10, 1.997885
10, 725, 2.030910
725, 10, 2.030910
10, 457, 2.741775
457, 10, 2.741775
10, 775, 3.130358
775, 10, 3.130358
10, 234, 3.143114
234, 10, 3.143114
10, 697, 4.337689
697, 10, 4.337689
10, 403, 4.545959
403, 10, 4.545959
10, 540, 4.563170
540, 10, 4.563170
11, 896, 1.931682
896, 11, 1.931682
11, 517, 2.207062
517, 11, 2.207062
11, 154, 2.964564
154, 11, 2.964564
11, 19, 3.530922
19, 11, 3.530922
11, 152, 3.563871
152, 11, 3.563871
11, 220, 4.108684
220, 11, 4.108684
11, 752, 4.492809
752, 11, 4.492809
11, 616, 5.753217
616, 11, 5.753217
11, 680, 6.033008
680, 11, 6.033008
11, 272, 6.237468
272, 11, 6.237468
12, 559, 0.416813
559, 12, 0.416813
12, 393, 1.343007
393, 12, 1.343007
12, 952, 2.386018
952, 12, 2.386018
12, 244, 2.547379
244, 12, 2.547379
12, 356, 4.447585
356, 12, 4.447585
12, 271, 4.531330
271, 12, 4.531330
12, 187, 4.708321
187, 12, 4.708321
12, 739, 5.169948
739, 12, 5.169948
12, 837, 5.819673
837, 12, 5.819673
12, 620, 5.879809
620, 12, 5.879809
13, 70, 1.884000
70, 13, 1.884000
13, 186, 2.721907
186, 13, 2.721907
13, 282, 2.964382
282, 13, 2.964382
13, 175, 3.288037
175, 13, 3.288037
13, 251, 3.475352
251, 13, 3.475352
13, 413, 3.484749
413, 13, 3.484749
13, 706, 3.618469
706, 13, 3.618469
13, 554, 4.226082
554, 13, 4.226082
13, 685, 4.329221
685, 13, 4.329221
13, 426, 4.443143
426, 13, 4.443143
14, 840, 1.440857
840, 14, 1.440857
14, 89, 1.644413
89, 14, 1.644413
14, 814, 1.970468
814, 14, 1.970468
14, 398, 3.207570
398, 14, 3.207570
14, 140, 3.326674
140, 14, 3.326674
14, 730, 3.547120
730, 14, 3.547120
14, 110, 4.250927
110, 14, 4.250927
14, 481, 4.884942
481, 14, 4.884942
14, 316, 5.489293
316, 14, 5.489293
14, 168, 6.126572
168, 14, 6.126572
15, 601, 1.168780
601, 15, 1.168780
15, 944, 2.130813
944, 15, 2.130813
15, 215, 2.699548
215, 15, 2.699548
15, 536, 3.039693
536, 15, 3.039693
15, 573, 3.345898
573, 15, 3.345898
15, 459, 3.506330
459, 15, 3.506330
15, 72, 3.721682
72, 15, 3.721682
15, 332, 3.751561
332, 15, 3.751561
15, 577, 4.096182
577, 15, 4.096182
15, 627, 4.169998
627, 15, 4.169998
16, 918, 1.827128
918, 16, 1.827128
16, 891, 2.697450
891, 16, 2.697450
16, 95, 2.837397
95, 16, 2.837397
16, 704, 2.920129
704, 16, 2.920129
16, 500, 2.993417
500, 16, 2.993417
16, 530, 3.598512
530, 16, 3.598512
16, 579, 3.840745
579, 16, 3.840745
16, 6, 3.928920
6, 16, 3.928920
16, 794, 4.032138
794, 16, 4.032138
16, 428, 4.059062
428, 16, 4.059062
17, 422, 0.248258
422, 17, 0.248258
17, 721, 1.437061
721, 17, 1.437061
17, 905, 1.686581
905, 17, 1.686581
17, 528, 2.521113
528, 17, 2.521113
17, 444, 3.501683
444, 17, 3.501683
17, 336, 3.915222
336, 17, 3.915222
17, 583, 4.517424
583, 17, 4.517424
17, 56, 5.231187
56, 17, 5.231187
17, 61, 5.312252
61, 17, 5.312252
17, 578, 5.316832
578, 17, 5.316832
18, 804, 1.451576
804, 18, 1.451576
18, 733, 1.935745
733, 18, 1.935745
18, 726, 2.820932
726, 18, 2.820932
18, 217, 3.366801
217, 18, 3.366801
18, 93, 3.741136
93, 18, 3.741136
18, 709, 4.331068
709, 18, 4.331068
18, 441, 5.173532
441, 18, 5.173532
18, 146, 5.333470
146, 18, 5.333470
18, 849, 5.363762
849, 18, 5.363762
18, 829, 5.726716
829, 18, 5.726716
19, 11, 3.530922
11, 19, 3.530922
19, 272, 3.607279
272, 19, 3.607279
19, 517, 4.208090
517, 19, 4.208090
19, 896, 4.281569
896, 19, 4.281569
19, 154, 4.739105
154, 19, 4.739105
19, 379, 5.016656
379, 19, 5.016656
19, 231, 6.255928
231, 19, 6.255928
19, 464, 6.299974
464, 19, 6.299974
19, 616, 6.457119
616, 19, 6.457119
19, 193, 6.712163
193, 19, 6.712163
20, 383, 2.059883
383, 20, 2.059883
20, 689, 2.198806
689, 20, 2.198806
20, 1000, 2.982422
1000, 20, 2.982422
20, 688, 3.582670
688, 20, 3.582670
20, 538, 4.024006
538, 20, 4.024006
20, 610, 4.954787
610, 20, 4.954787
20, 677, 5.331004
677, 20, 5.331004
20, 951, 5.331451
951, 20, 5.331451
20, 988, 5.677500
988, 20, 5.677500
20, 800, 5.807197
800, 20, 5.807197
21, 803, 1.854108
803, 21, 1.854108
21, 428, 4.491082
428, 21, 4.491082
21, 349, 4.879939
349, 21, 4.879939
21, 500, 4.992855
500, 21, 4.992855
21, 530, 5.166871
530, 21, 5.166871
21, 378, 5.258575
378, 21, 5.258575
21, 463, 5.597955
463, 21, 5.597955
21, 722, 5.987020
722, 21, 5.987020
21, 92, 6.168692
92, 21, 6.168692
21, 743, 6.312333
743, 21, 6.312333
22, 703, 1.220049
703, 22, 1.220049
22, 835, 1.269720
835, 22, 1.269720
22, 386, 1.508137
386, 22, 1.508137
22, 68, 2.845679
68, 22, 2.845679
22, 262, 3.705912
262, 22, 3.705912
22, 764, 4.562091
764, 22, 4.562091
22, 569, 4.916460
569, 22, 4.916460
22, 260, 5.221090
260, 22, 5.221090
22, 726, 5.419936
726, 22, 5.419936
22, 733, 6.352364
733, 22, 6.352364
23, 744, 0.917507
744, 23, 0.917507
23, 236, 0.964212
236, 23, 0.964212
23, 408, 1.360372
408, 23, 1.360372
23, 113, 2.203303
113, 23, 2.203303
23, 593, 3.318002
593, 23, 3.318002
23, 58, 3.774230
58, 23, 3.774230
23, 954, 3.848962
954, 23, 3.848962
23, 487, 4.527066
487, 23, 4.527066
23, 107, 4.710777
107, 23, 4.710777
23, 943, 5.793051
943, 23, 5.793051
24, 412, 0.753523
412, 24, 0.753523
24, 558, 2.803130
558, 24, 2.803130
24, 123, 3.756143
123, 24, 3.756143
24, 603, 4.191187
603, 24, 4.191187
24, 765, 4.240759
765, 24, 4.240759
24, 777, 4.476770
777, 24, 4.476770
24, 150, 4.749361
150, 24, 4.749361
24, 985, 4.769558
985, 24, 4.769558
24, 895, 5.228725
895, 24, 5.228725
24, 258, 5.384094
258, 24, 5.384094
25, 320, 1.166903
320, 25, 1.166903
25, 204, 1.186958
204, 25, 1.186958
25, 291, 2.179617
291, 25, 2.179617
25, 270, 3.449585
270, 25, 3.449585
25, 906, 3.879845
906, 25, 3.879845
25, 768, 4.188025
768, 25, 4.188025
25, 876, 4.623972
876, 25, 4.623972
25, 915, 4.952685
915, 25, 4.952685
25, 592, 5.104700
592, 25, 5.104700
25, 173, 5.503501
173, 25, 5.503501
26, 502, 1.317725
502, 26, 1.317725
26, 103, 2.314108
103, 26, 2.314108
26, 669, 2.582013
669, 26, 2.582013
26, 631, 2.630410
631, 26, 2.630410
26, 188, 3.397571
188, 26, 3.397571
26, 7, 3.661165
7, 26, 3.661165
26, 176, 3.716470
176, 26, 3.716470
26, 470, 4.143724
470, 26, 4.143724
26, 853, 4.508202
853, 26, 4.508202
26, 179, 4.530610
179, 26, 4.530610
27, 937, 1.226534
937, 27, 1.226534
27, 391, 1.655522
391, 27, 1.655522
27, 629, 2.088372
629, 27, 2.088372
27, 889, 2.171061
889, 27, 2.171061
27, 737, 2.272425
737, 27, 2.272425
27, 94, 2.662666
94, 27, 2.662666
27, 361, 2.952009
361, 27, 2.952009
27, 201, 3.169918
201, 27, 3.169918
27, 390, 3.774233
390, 27, 3.774233
27, 920, 3.969065
920, 27, 3.969065
28, 258, 0.173833
258, 28, 0.173833
28, 42, 0.975889
42, 28, 0.975889
28, 365, 1.691963
365, 28, 1.691963
28, 694, 1.920443
694, 28, 1.920443
28, 885, 2.206514
885, 28, 2.206514
28, 123, 2.441984
123, 28, 2.441984
28, 625, 3.037258
625, 28, 3.037258
28, 642, 3.959849
642, 28, 3.959849
28, 664, 4.348173
664, 28, 4.348173
28, 412, 4.834304
412, 28, 4.834304
29, 331, 1.027711
331, 29, 1.027711
29, 395, 2.965935
395, 29, 2.965935
29, 836, 3.916074
836, 29, 3.916074
29, 492, 4.460603
492, 29, 4.460603
29, 967, 4.910993
967, 29, 4.910993
29, 252, 4.935682
252, 29, 4.935682
29, 216, 5.048133
216, 29, 5.048133
29, 480, 5.064632
480, 29, 5.064632
29, 342, 5.886241
342, 29, 5.886241
29, 469, 6.122246
469, 29, 6.122246
30, 304, 5.026562
304, 30, 5.026562
30, 914, 5.835390
914, 30, 5.835390
30, 904, 6.125087
904, 30, 6.125087
30, 763, 6.427826
763, 30, 6.427826
30, 329, 6.674546
329, 30, 6.674546
30, 180, 6.859165
180, 30, 6.859165
30, 668, 6.895402
668, 30, 6.895402
30, 407, 6.976090
407, 30, 6.976090
30, 548, 7.440956
548, 30, 7.440956
30, 767, 7.750006
767, 30, 7.750006
31, 922, 2.603987
922, 31, 2.603987
31, 549, 3.674528
549, 31, 3.674528
31, 6, 4.136176
6, 31, 4.136176
31, 643, 4.506423
643, 31, 4.506423
31, 362, 5.223574
362, 31, 5.223574
31, 794, 5.335716
794, 31, 5.335716
31, 579, 5.750811
579, 31, 5.750811
31, 160, 6.161461
160, 31, 6.161461
31, 115, 6.229767
115, 31, 6.229767
31, 463, 6.453679
463, 31, 6.453679
32, 406, 1.240945
406, 32, 1.240945
32, 369, 1.382615
369, 32, 1.382615
32, 119, 1.581680
119, 32, 1.581680
32, 565, 1.935374
565, 32, 1.935374
32, 184, 2.636703
184, 32, 2.636703
32, 448, 3.382459
448, 32, 3.382459
32, 493, 3.936020
493, 32, 3.936020
32, 578, 3.982876
578, 32, 3.982876
32, 485, 4.197755
485, 32, 4.197755
32, 86, 4.618455
86, 32, 4.618455
33, 608, 0.894141
608, 33, 0.894141
33, 855, 3.037390
855, 33, 3.037390
33, 109, 4.005044
109, 33, 4.005044
33, 523, 4.508529
523, 33, 4.508529
33, 554, 4.548462
554, 33, 4.548462
33, 482, 4.801984
482, 33, 4.801984
33, 97, 5.082392
97, 33, 5.082392
33, 685, 5.185515
685, 33, 5.185515
33, 535, 5.409577
535, 33, 5.409577
33, 418, 5.575532
418, 33, 5.575532
34, 589, 1.427125
589, 34, 1.427125
34, 818, 3.598758
818, 34, 3.598758
34, 183, 4.086313
183, 34, 4.086313
34, 280, 4.363219
280, 34, 4.363219
34, 274, 4.551909
274, 34, 4.551909
34, 793, 5.474154
793, 34, 5.474154
34, 121, 5.945082
121, 34, 5.945082
34, 137, 6.225271
137, 34, 6.225271
34, 598, 6.573437
598, 34, 6.573437
34, 758, 6.607861
758, 34, 6.607861
35, 898, 1.751408
898, 35, 1.751408
35, 691, 1.994418
691, 35, 1.994418
35, 149, 2.732300
149, 35, 2.732300
35, 650, 3.607763
650, 35, 3.607763
35, 309, 3.809559
309, 35, 3.809559
35, 736, 4.060916
736, 35, 4.060916
35, 447, 4.213140
447, 35, 4.213140
35, 620, 4.241030
620, 35, 4.241030
35, 187, 4.490076
187, 35, 4.490076
35, 739, 4.705697
739, 35, 4.705697
36, 724, 0.797306
724, 36, 0.797306
36, 450, 2.005374
450, 36, 2.005374
36, 687, 2.569862
687, 36, 2.569862
36, 618, 2.743183
618, 36, 2.743183
36, 219, 2.843102
219, 36, 2.843102
36, 989, 3.404819
989, 36, 3.404819
36, 930, 3.790962
930, 36, 3.790962
36, 562, 3.972229
562, 36, 3.972229
36, 884, 4.192060
884, 36, 4.192060
36, 614, 4.612921
614, 36, 4.612921
37, 367, 0.392466
367, 37, 0.392466
37, 850, 1.643040
850, 37, 1.643040
37, 112, 2.122387
112, 37, 2.122387
37, 986, 2.794504
986, 37, 2.794504
37, 971, 3.045338
971, 37, 3.045338
37, 902, 3.363275
902, 37, 3.363275
37, 766, 3.544231
766, 37, 3.544231
37, 860, 3.623516
860, 37, 3.623516
37, 970, 4.235253
970, 37, 4.235253
37, 755, 5.268482
755, 37, 5.268482
38, 716, 0.872976
716, 38, 0.872976
38, 977, 2.723918
977, 38, 2.723918
38, 591, 4.327009
591, 38, 4.327009
38, 496, 5.241697
496, 38, 5.241697
38, 790, 5.987417
790, 38, 5.987417
38, 633, 6.208883
633, 38, 6.208883
38, 303, 6.231717
303, 38, 6.231717
38, 381, 6.459007
381, 38, 6.459007
38, 696, 6.761725
696, 38, 6.761725
38, 128, 6.800140
128, 38, 6.800140
39, 936, 0.947678
936, 39, 0.947678
39, 760, 2.921449
760, 39, 2.921449
39, 228, 4.578929
228, 39, 4.578929
39, 468, 4.821274
468, 39, 4.821274
39, 416, 5.144713
416, 39, 5.144713
39, 148, 5.573549
148, 39, 5.573549
39, 485, 5.758209
485, 39, 5.758209
39, 86, 5.869219
86, 39, 5.869219
39, 57, 6.226785
57, 39, 6.226785
39, 156, 6.288942
156, 39, 6.288942
40, 317, 1.314227
317, 40, 1.314227
40, 872, 2.713689
872, 40, 2.713689
40, 610, 3.505340
610, 40, 3.505340
40, 941, 3.708121
941, 40, 3.708121
40, 677, 3.746330
677, 40, 3.746330
40, 473, 4.360330
473, 40, 4.360330
40, 538, 4.842738
538, 40, 4.842738
40, 639, 5.610510
639, 40, 5.610510
40, 932, 5.868517
932, 40, 5.868517
40, 142, 6.030978
142, 40, 6.030978
41, 955, 0.571850
955, 41, 0.571850
41, 255, 1.998361
255, 41, 1.998361
41, 773, 2.495414
773, 41, 2.495414
41, 666, 3.050254
666, 41, 3.050254
41, 451, 3.823006
451, 41, 3.823006
41, 351, 4.011162
351, 41, 4.011162
41, 827, 4.318931
827, 41, 4.318931
41, 74, 4.972297
74, 41, 4.972297
41, 594, 5.090005
594, 41, 5.090005
41, 133, 5.403197
133, 41, 5.403197
42, 365, 0.724138
365, 42, 0.724138
42, 258, 0.831886
258, 42, 0.831886
42, 28, 0.975889
28, 42, 0.975889
42, 694, 2.361685
694, 42, 2.361685
42, 625, 2.533666
625, 42, 2.533666
42, 885, 2.908385
885, 42, 2.908385
42, 123, 3.212669
123, 42, 3.212669
42, 664, 3.684248
664, 42, 3.684248
42, 642, 4.919619
642, 42, 4.919619
42, 412, 5.008746
412, 42, 5.008746
43, 230, 1.906173
230, 43, 1.906173
43, 533, 2.067718
533, 43, 2.067718
43, 984, 2.674323
984, 43, 2.674323
43, 211, 2.958933
211, 43, 2.958933
43, 301, 3.602508
301, 43, 3.602508
43, 420, 4.379275
420, 43, 4.379275
43, 455, 4.716549
455, 43, 4.716549
43, 975, 5.144764
975, 43, 5.144764
43, 907, 5.465670
907, 43, 5.465670
43, 209, 5.561974
209, 43, 5.561974
44, 653, 1.218365
653, 44, 1.218365
44, 299, 2.361322
299, 44, 2.361322
44, 999, 2.509691
999, 44, 2.509691
44, 389, 3.581314
389, 44, 3.581314
44, 314, 4.353163
314, 44, 4.353163
44, 308, 4.733119
308, 44, 4.733119
44, 427, 4.792482
427, 44, 4.792482
44, 375, 5.220198
375, 44, 5.220198
44, 970, 5.958120
970, 44, 5.958120
44, 126, 7.407058
126, 44, 7.407058
45, 254, 0.763081
254, 45, 0.763081
45, 542, 1.486984
542, 45, 1.486984
45, 838, 1.514096
838, 45, 1.514096
45, 118, 1.670904
118, 45, 1.670904
45, 535, 2.062318
535, 45, 2.062318
45, 866, 2.147983
866, 45, 2.147983
45, 600, 2.887965
600, 45, 2.887965
45, 192, 3.715581
192, 45, 3.715581
45, 514, 4.942251
514, 45, 4.942251
45, 875, 6.191781
875, 45, 6.191781
46, 869, 1.743560
869, 46, 1.743560
46, 541, 1.866610
541, 46, 1.866610
46, 130, 3.328487
130, 46, 3.328487
46, 747, 3.922103
747, 46, 3.922103
46, 693, 3.976548
693, 46, 3.976548
46, 632, 4.087761
632, 46, 4.087761
46, 55, 4.495245
55, 46, 4.495245
46, 203, 4.512466
203, 46, 4.512466
46, 82, 5.398748
82, 46, 5.398748
46, 128, 6.203321
128, 46, 6.203321
47, 411, 2.159827
411, 47, 2.159827
47, 153, 2.856049
153, 47, 2.856049
47, 947, 3.261779
947, 47, 3.261779
47, 170, 3.682174
170, 47, 3.682174
47, 141, 4.331499
141, 47, 4.331499
47, 771, 4.431933
771, 47, 4.431933
47, 921, 4.609036
921, 47, 4.609036
47, 612, 6.316746
612, 47, 6.316746
47, 886, 6.461208
886, 47, 6.461208
47, 812, 6.557644
812, 47, 6.557644
48, 950, 1.646193
950, 48, 1.646193
48, 602, 1.754264
602, 48, 1.754264
48, 751, 1.853691
751, 48, 1.853691
48, 785, 2.456619
785, 48, 2.456619
48, 868, 2.544291
868, 48, 2.544291
48, 708, 3.423101
708, 48, 3.423101
48, 775, 3.903797
775, 48, 3.903797
48, 403, 4.045358
403, 48, 4.045358
48, 993, 4.159510
993, 48, 4.159510
48, 725, 4.270724
725, 48, 4.270724
49, 648, 0.056603
648, 49, 0.056603
49, 515, 2.095372
515, 49, 2.095372
49, 67, 2.158367
67, 49, 2.158367
49, 108, 2.504391
108, 49, 2.504391
49, 191, 2.504800
191, 49, 2.504800
49, 51, 3.644203
51, 49, 3.644203
49, 323, 4.039352
323, 49, 4.039352
49, 425, 4.045717
425, 49, 4.045717
49, 372, 4.554872
372, 49, 4.554872
49, 847, 4.724190
847, 49, 4.724190
50, 207, 0.618804
207, 50, 0.618804
50, 355, 0.987452
355, 50, 0.987452
50, 654, 1.269721
654, 50, 1.269721
50, 198, 1.399533
198, 50, 1.399533
50, 957, 5.035984
957, 50, 5.035984
50, 820, 5.121949
820, 50, 5.121949
50, 781, 5.160183
781, 50, 5.160183
50, 552, 5.767435
552, 50, 5.767435
50, 277, 6.252502
277, 50, 6.252502
50, 778, 6.512277
778, 50, 6.512277
51, 515, 1.553375
515, 51, 1.553375
51, 847, 2.302859
847, 51, 2.302859
51, 499, 2.929277
499, 51, 2.929277
51, 425, 3.132672
425, 51, 3.132672
51, 49, 3.644203
49, 51, 3.644203
51, 648, 3.653547
648, 51, 3.653547
51, 108, 4.385964
108, 51, 4.385964
51, 247, 4.551571
247, 51, 4.551571
51, 52, 4.565911
52, 51, 4.565911
51, 638, 4.680993
638, 51, 4.680993
52, 425, 1.444429
425, 52, 1.444429
52, 7, 1.489773
7, 52, 1.489773
52, 470, 2.064483
470, 52, 2.064483
52, 631, 2.908530
631, 52, 2.908530
52, 108, 3.122890
108, 52, 3.122890
52, 188, 3.142068
188, 52, 3.142068
52, 669, 3.617374
669, 52, 3.617374
52, 502, 3.828521
502, 52, 3.828521
52, 805, 4.262390
805, 52, 4.262390
52, 515, 4.531165
515, 52, 4.531165
53, 671, 1.568304
671, 53, 1.568304
53, 580, 1.818515
580, 53, 1.818515
53, 225, 2.667845
225, 53, 2.667845
53, 344, 2.695859
344, 53, 2.695859
53, 647, 2.766670
647, 53, 2.766670
53, 522, 2.779493
522, 53, 2.779493
53, 181, 3.380599
181, 53, 3.380599
53, 266, 3.838692
266, 53, 3.838692
53, 96, 4.681236
96, 53, 4.681236
53, 387, 4.933637
387, 53, 4.933637
54, 486, 1.925358
486, 54, 1.925358
54, 893, 2.190201
893, 54, 2.190201
54, 387, 3.774940
387, 54, 3.774940
54, 458, 3.824855
458, 54, 3.824855
54, 288, 4.060377
288, 54, 4.060377
54, 671, 4.126578
671, 54, 4.126578
54, 851, 4.136328
851, 54, 4.136328
54, 576, 4.594490
576, 54, 4.594490
54, 819, 4.823695
819, 54, 4.823695
54, 53, 5.242084
53, 54, 5.242084
55, 747, 1.045447
747, 55, 1.045447
55, 224, 3.295833
224, 55, 3.295833
55, 276, 3.662763
276, 55, 3.662763
55, 632, 4.344516
632, 55, 4.344516
55, 46, 4.495245
46, 55, 4.495245
55, 693, 5.165362
693, 55, 5.165362
55, 541, 5.355938
541, 55, 5.355938
55, 128, 5.576984
128, 55, 5.576984
55, 869, 6.193551
869, 55, 6.193551
55, 633, 6.407745
633, 55, 6.407745
56, 759, 1.422950
759, 56, 1.422950
56, 61, 1.941029
61, 56, 1.941029
56, 578, 3.055280
578, 56, 3.055280
56, 444, 3.651215
444, 56, 3.651215
56, 519, 4.057058
519, 56, 4.057058
56, 423, 4.087237
423, 56, 4.087237
56, 721, 4.095826
721, 56, 4.095826
56, 565, 4.606972
565, 56, 4.606972
56, 905, 4.981067
905, 56, 4.981067
56, 17, 5.231187
17, 56, 5.231187
57, 156, 0.355712
156, 57, 0.355712
57, 883, 2.775264
883, 57, 2.775264
57, 468, 4.222867
468, 57, 4.222867
57, 913, 5.149904
913, 57, 5.149904
57, 936, 5.443351
936, 57, 5.443351
57, 929, 5.726149
929, 57, 5.726149
57, 39, 6.226785
39, 57, 6.226785
57, 819, 6.696756
819, 57, 6.696756
57, 458, 7.190571
458, 57, 7.190571
57, 401, 7.257500
401, 57, 7.257500
58, 954, 0.269195
954, 58, 0.269195
58, 593, 2.795798
593, 58, 2.795798
58, 408, 2.870971
408, 58, 2.870971
58, 744, 3.143398
744, 58, 3.143398
58, 894, 3.383541
894, 58, 3.383541
58, 23, 3.774230
23, 58, 3.774230
58, 943, 3.849320
943, 58, 3.849320
58, 73, 3.870042
73, 58, 3.870042
58, 236, 4.690114
236, 58, 4.690114
58, 113, 4.776221
113, 58, 4.776221
59, 325, 1.433258
325, 59, 1.433258
59, 231, 2.106553
231, 59, 2.106553
59, 668, 4.698168
668, 59, 4.698168
59, 329, 4.981873
329, 59, 4.981873
59, 272, 5.071430
272, 59, 5.071430
59, 816, 5.375955
816, 59, 5.375955
59, 464, 5.722281
464, 59, 5.722281
59, 767, 6.493759
767, 59, 6.493759
59, 4, 6.762083
4, 59, 6.762083
59, 19, 7.195090
19, 59, 7.195090
60, 641, 2.186326
641, 60, 2.186326
60, 206, 3.384738
206, 60, 3.384738
60, 364, 3.672955
364, 60, 3.672955
60, 234, 4.012942
234, 60, 4.012942
60, 697, 4.415994
697, 60, 4.415994
60, 756, 4.829876
756, 60, 4.829876
60, 457, 5.621169
457, 60, 5.621169
60, 910, 5.797995
910, 60, 5.797995
60, 941, 5.815400
941, 60, 5.815400
60, 116, 5.891412
116, 60, 5.891412
61, 759, 1.373625
759, 61, 1.373625
61, 56, 1.941029
56, 61, 1.941029
61, 444, 2.493643
444, 61, 2.493643
61, 423, 2.542978
423, 61, 2.542978
61, 519, 2.747846
519, 61, 2.747846
61, 807, 3.391997
807, 61, 3.391997
61, 721, 3.914427
721, 61, 3.914427
61, 336, 3.977687
336, 61, 3.977687
61, 905, 4.447933
905, 61, 4.447933
61, 578, 4.896533
578, 61, 4.896533
62, 844, 2.691572
844, 62, 2.691572
62, 928, 3.162429
928, 62, 3.162429
62, 161, 3.249471
161, 62, 3.249471
62, 909, 3.655491
909, 62, 3.655491
62, 392, 4.045135
392, 62, 4.045135
62, 421, 4.256923
421, 62, 4.256923
62, 341, 4.264060
341, 62, 4.264060
62, 605, 4.269382
605, 62, 4.269382
62, 253, 4.356117
253, 62, 4.356117
62, 923, 5.145635
923, 62, 5.145635
63, 218, 1.308353
218, 63, 1.308353
63, 155, 2.838753
155, 63, 2.838753
63, 626, 3.746924
626, 63, 3.746924
63, 675, 4.360963
675, 63, 4.360963
63, 71, 4.440548
71, 63, 4.440548
63, 527, 4.768697
527, 63, 4.768697
63, 545, 5.155801
545, 63, 5.155801
63, 294, 5.436140
294, 63, 5.436140
63, 384, 5.806276
384, 63, 5.806276
63, 997, 6.153939
997, 63, 6.153939
64, 949, 1.327131
949, 64, 1.327131
64, 449, 1.877111
449, 64, 1.877111
64, 845, 5.516288
845, 64, 5.516288
64, 166, 7.580348
166, 64, 7.580348
64, 147, 7.731663
147, 64, 7.731663
64, 670, 7.757862
670, 64, 7.757862
64, 945, 8.626542
945, 64, 8.626542
64, 992, 8.957395
992, 64, 8.957395
64, 842, 10.227666
842, 64, 10.227666
64, 585, 10.913392
585, 64, 10.913392
65, 371, 1.158428
371, 65, 1.158428
65, 432, 2.899638
432, 65, 2.899638
65, 385, 3.315638
385, 65, 3.315638
65, 345, 4.040080
345, 65, 4.040080
65, 713, 4.242366
713, 65, 4.242366
65, 588, 4.954664
588, 65, 4.954664
65, 994, 5.102680
994, 65, 5.102680
65, 813, 5.240283
813, 65, 5.240283
65, 966, 5.611676
966, 65, 5.611676
65, 834, 5.777517
834, 65, 5.777517
66, 359, 0.906485
359, 66, 0.906485
66, 275, 1.355105
275, 66, 1.355105
66, 335, 3.447539
335, 66, 3.447539
66, 259, 3.573810
259, 66, 3.573810
66, 690, 3.850026
690, 66, 3.850026
66, 415, 4.070025
415, 66, 4.070025
66, 585, 5.466753
585, 66, 5.466753
66, 987, 5.623455
987, 66, 5.623455
66, 495, 5.745642
495, 66, 5.745642
66, 857, 5.942778
857, 66, 5.942778
67, 648, 2.125009
648, 67, 2.125009
67, 49, 2.158367
49, 67, 2.158367
67, 372, 2.403064
372, 67, 2.403064
67, 108, 2.465548
108, 67, 2.465548
67, 191, 2.958206
191, 67, 2.958206
67, 734, 2.992450
734, 67, 2.992450
67, 515, 4.151369
515, 67, 4.151369
67, 323, 4.258935
323, 67, 4.258935
67, 702, 4.740562
702, 67, 4.740562
67, 196, 4.787971
196, 67, 4.787971
68, 703, 1.829767
703, 68, 1.829767
68, 22, 2.845679
22, 68, 2.845679
68, 262, 2.879407
262, 68, 2.879407
68, 835, 3.006823
835, 68, 3.006823
68, 764, 3.346905
764, 68, 3.346905
68, 260, 3.786554
260, 68, 3.786554
68, 386, 3.888502
386, 68, 3.888502
68, 569, 5.367437
569, 68, 5.367437
68, 870, 5.795604
870, 68, 5.795604
68, 630, 6.288675
630, 68, 6.288675
69, 256, 2.235531
256, 69, 2.235531
69, 813, 2.806086
813, 69, 2.806086
69, 213, 2.963071
213, 69, 2.963071
69, 588, 3.236683
588, 69, 3.236683
69, 713, 3.809008
713, 69, 3.809008
69, 532, 4.756939
532, 69, 4.756939
69, 131, 6.303094
131, 69, 6.303094
69, 432, 6.463764
432, 69, 6.463764
69, 575, 6.552303
575, 69, 6.552303
69, 525, 7.066029
525, 69, 7.066029
70, 13, 1.884000
13, 70, 1.884000
70, 282, 2.153088
282, 70, 2.153088
70, 109, 3.083563
109, 70, 3.083563
70, 554, 3.239657
554, 70, 3.239657
70, 97, 3.646221
97, 70, 3.646221
70, 685, 3.804966
685, 70, 3.804966
70, 151, 3.818342
151, 70, 3.818342
70, 855, 3.973598
855, 70, 3.973598
70, 523, 3.998187
523, 70, 3.998187
70, 426, 4.091874
426, 70, 4.091874
71, 527, 0.342427
527, 71, 0.342427
71, 294, 1.337830
294, 71, 1.337830
71, 155, 1.654119
155, 71, 1.654119
71, 384, 3.454113
384, 71, 3.454113
71, 127, 3.864051
127, 71, 3.864051
71, 675, 4.199043
675, 71, 4.199043
71, 63, 4.440548
63, 71, 4.440548
71, 897, 4.502656
897, 71, 4.502656
71, 545, 4.956423
545, 71, 4.956423
71, 400, 4.975102
400, 71, 4.975102
72, 627, 0.499513
627, 72, 0.499513
72, 332, 0.543788
332, 72, 0.543788
72, 215, 1.163469
215, 72, 1.163469
72, 966, 1.697108
966, 72, 1.697108
72, 573, 2.277015
573, 72, 2.277015
72, 536, 2.488100
536, 72, 2.488100
72, 295, 2.702958
295, 72, 2.702958
72, 566, 3.383311
566, 72, 3.383311
72, 15, 3.721682
15, 72, 3.721682
72, 577, 4.194826
577, 72, 4.194826
73, 894, 0.614861
894, 73, 0.614861
73, 848, 2.884509
848, 73, 2.884509
73, 516, 3.551025
516, 73, 3.551025
73, 954, 3.731979
954, 73, 3.731979
73, 58, 3.870042
58, 73, 3.870042
73, 811, 4.068443
811, 73, 4.068443
73, 338, 4.362263
338, 73, 4.362263
73, 833, 4.459403
833, 73, 4.459403
73, 433, 4.478955
433, 73, 4.478955
73, 735, 4.867819
735, 73, 4.867819
74, 362, 1.774218
362, 74, 1.774218
74, 666, 2.927823
666, 74, 2.927823
74, 773, 3.084843
773, 74, 3.084843
74, 643, 3.793018
643, 74, 3.793018
74, 549, 3.878418
549, 74, 3.878418
74, 41, 4.972297
41, 74, 4.972297
74, 955, 5.281638
955, 74, 5.281638
74, 90, 5.336544
90, 74, 5.336544
74, 939, 5.394035
939, 74, 5.394035
74, 351, 5.716475
351, 74, 5.716475
75, 233, 1.544182
233, 75, 1.544182
75, 792, 2.887181
792, 75, 2.887181
75, 718, 3.967292
718, 75, 3.967292
75, 399, 4.507445
399, 75, 4.507445
75, 271, 5.688428
271, 75, 5.688428
75, 356, 6.287141
356, 75, 6.287141
75, 952, 6.859320
952, 75, 6.859320
75, 791, 7.007765
791, 75, 7.007765
75, 513, 7.792838
513, 75, 7.792838
75, 698, 8.711754
698, 75, 8.711754
76, 980, 1.233984
980, 76, 1.233984
76, 735, 1.560140
735, 76, 1.560140
76, 239, 1.878706
239, 76, 1.878706
76, 433, 2.154451
433, 76, 2.154451
76, 516, 2.982863
516, 76, 2.982863
76, 340, 3.181934
340, 76, 3.181934
76, 762, 3.352502
762, 76, 3.352502
76, 948, 4.181026
948, 76, 4.181026
76, 172, 5.428411
172, 76, 5.428411
76, 662, 5.587925
662, 76, 5.587925
77, 550, 3.621244
550, 77, 3.621244
77, 584, 4.066125
584, 77, 4.066125
77, 163, 6.086839
163, 77, 6.086839
77, 821, 6.814938
821, 77, 6.814938
77, 255, 9.431970
255, 77, 9.431970
77, 451, 9.789956
451, 77, 9.789956
77, 594, 10.693633
594, 77, 10.693633
77, 399, 10.773007
399, 77, 10.773007
77, 607, 10.777453
607, 77, 10.777453
77, 955, 10.811745
955, 77, 10.811745
78, 476, 1.863802
476, 78, 1.863802
78, 619, 3.049771
619, 78, 3.049771
78, 562, 3.505974
562, 78, 3.505974
78, 167, 5.044692
167, 78, 5.044692
78, 319, 5.192780
319, 78, 5.192780
78, 482, 5.227052
482, 78, 5.227052
78, 618, 5.341386
618, 78, 5.341386
78, 969, 5.488300
969, 78, 5.488300
78, 930, 5.505881
930, 78, 5.505881
78, 450, 5.601247
450, 78, 5.601247
79, 172, 4.090977
172, 79, 4.090977
79, 373, 4.356972
373, 79, 4.356972
79, 239, 4.815549
239, 79, 4.815549
79, 762, 5.751656
762, 79, 5.751656
79, 340, 5.785080
340, 79, 5.785080
79, 825, 5.994712
825, 79, 5.994712
79, 76, 6.503890
76, 79, 6.503890
79, 681, 6.561601
681, 79, 6.561601
79, 179, 6.620727
179, 79, 6.620727
79, 662, 7.184595
662, 79, 7.184595
80, 599, 1.728509
599, 80, 1.728509
80, 539, 3.521795
539, 80, 3.521795
80, 920, 3.592559
920, 80, 3.592559
80, 889, 3.983431
889, 80, 3.983431
80, 390, 4.064584
390, 80, 4.064584
80, 737, 4.139367
737, 80, 4.139367
80, 243, 4.605101
243, 80, 4.605101
80, 391, 4.953620
391, 80, 4.953620
80, 878, 5.134974
878, 80, 5.134974
80, 630, 5.264595
630, 80, 5.264595
81, 3, 1.437357
3, 81, 1.437357
81, 194, 2.772153
194, 81, 2.772153
81, 263, 3.058062
263, 81, 3.058062
81, 382, 4.108115
382, 81, 4.108115
81, 333, 5.051214
333, 81, 5.051214
81, 746, 5.091927
746, 81, 5.091927
81, 563, 5.175926
563, 81, 5.175926
81, 511, 5.506833
511, 81, 5.506833
81, 306, 5.548594
306, 81, 5.548594
81, 754, 6.098322
754, 81, 6.098322
82, 769, 1.036141
769, 82, 1.036141
82, 873, 3.219112
873, 82, 3.219112
82, 130, 4.092594
130, 82, 4.092594
82, 869, 4.114768
869, 82, 4.114768
82, 223, 5.064055
223, 82, 5.064055
82, 46, 5.398748
46, 82, 5.398748
82, 902, 5.491463
902, 82, 5.491463
82, 541, 5.808790
541, 82, 5.808790
82, 860, 5.943925
860, 82, 5.943925
82, 801, 6.082940
801, 82, 6.082940
83, 227, 3.408796
227, 83, 3.408796
83, 544, 3.512593
544, 83, 3.512593
83, 624, 3.677198
624, 83, 3.677198
83, 637, 3.744512
637, 83, 3.744512
83, 543, 4.166883
543, 83, 4.166883
83, 826, 4.391929
826, 83, 4.391929
83, 768, 5.562722
768, 83, 5.562722
83, 189, 5.772065
189, 83, 5.772065
83, 235, 6.463294
235, 83, 6.463294
83, 906, 6.474131
906, 83, 6.474131
84, 698, 1.207756
698, 84, 1.207756
84, 622, 1.589936
622, 84, 1.589936
84, 513, 2.497061
513, 84, 2.497061
84, 827, 3.201944
827, 84, 3.201944
84, 253, 3.703909
253, 84, 3.703909
84, 594, 3.739836
594, 84, 3.739836
84, 392, 3.895002
392, 84, 3.895002
84, 161, 3.912692
161, 84, 3.912692
84, 451, 5.166235
451, 84, 5.166235
84, 718, 5.676287
718, 84, 5.676287
85, 907, 0.766893
907, 85, 0.766893
85, 990, 1.068753
990, 85, 1.068753
85, 145, 1.990943
145, 85, 1.990943
85, 975, 3.523208
975, 85, 3.523208
85, 606, 3.669407
606, 85, 3.669407
85, 209, 4.128100
209, 85, 4.128100
85, 337, 4.162154
337, 85, 4.162154
85, 307, 4.893265
307, 85, 4.893265
85, 301, 5.488983
301, 85, 5.488983
85, 478, 5.788736
478, 85, 5.788736
86, 485, 0.513937
485, 86, 0.513937
86, 228, 1.394971
228, 86, 1.394971
86, 369, 3.240710
369, 86, 3.240710
86, 501, 3.624560
501, 86, 3.624560
86, 416, 4.060242
416, 86, 4.060242
86, 406, 4.401637
406, 86, 4.401637
86, 578, 4.470769
578, 86, 4.470769
86, 32, 4.618455
32, 86, 4.618455
86, 565, 4.657186
565, 86, 4.657186
86, 528, 5.184846
528, 86, 5.184846
87, 729, 0.426564
729, 87, 0.426564
87, 649, 1.300894
649, 87, 1.300894
87, 976, 2.229731
976, 87, 2.229731
87, 927, 2.391294
927, 87, 2.391294
87, 443, 2.601754
443, 87, 2.601754
87, 489, 3.019272
489, 87, 3.019272
87, 548, 3.115849
548, 87, 3.115849
87, 611, 3.548354
611, 87, 3.548354
87, 424, 3.700382
424, 87, 3.700382
87, 763, 4.056697
763, 87, 4.056697
88, 306, 1.433502
306, 88, 1.433502
88, 333, 1.713744
333, 88, 1.713744
88, 790, 2.027000
790, 88, 2.027000
88, 696, 3.014970
696, 88, 3.014970
88, 754, 3.598994
754, 88, 3.598994
88, 194, 4.761343
194, 88, 4.761343
88, 405, 5.155780
405, 88, 5.155780
88, 935, 5.353812
935, 88, 5.353812
88, 633, 5.669446
633, 88, 5.669446
88, 382, 6.128014
382, 88, 6.128014
89, 840, 1.189633
840, 89, 1.189633
89, 814, 1.274803
814, 89, 1.274803
89, 14, 1.644413
14, 89, 1.644413
89, 730, 4.355237
730, 89, 4.355237
89, 316, 4.570327
316, 89, 4.570327
89, 398, 4.634084
398, 89, 4.634084
89, 140, 4.961281
140, 89, 4.961281
89, 481, 5.020354
481, 89, 5.020354
89, 802, 5.332873
802, 89, 5.332873
89, 110, 5.682366
110, 89, 5.682366
90, 133, 3.232200
133, 90, 3.232200
90, 351, 3.487010
351, 90, 3.487010
90, 919, 3.690462
919, 90, 3.690462
90, 666, 3.889645
666, 90, 3.889645
90, 120, 4.346722
120, 90, 4.346722
90, 643, 4.886824
643, 90, 4.886824
90, 74, 5.336544
74, 90, 5.336544
90, 555, 5.783477
555, 90, 5.783477
90, 362, 6.577378
362, 90, 6.577378
90, 41, 6.629752
41, 90, 6.629752
91, 617, 0.970823
617, 91, 0.970823
91, 483, 2.016688
483, 91, 2.016688
91, 863, 2.875353
863, 91, 2.875353
91, 596, 3.131960
596, 91, 3.131960
91, 162, 3.324719
162, 91, 3.324719
91, 968, 3.630110
968, 91, 3.630110
91, 363, 3.846581
363, 91, 3.846581
91, 506, 4.321627
506, 91, 4.321627
91, 780, 4.360022
780, 91, 4.360022
91, 683, 4.815874
683, 91, 4.815874
92, 981, 0.736822
981, 92, 0.736822
92, 799, 1.295008
799, 92, 1.295008
92, 912, 1.603883
912, 92, 1.603883
92, 722, 2.435335
722, 92, 2.435335
92, 305, 3.304690
305, 92, 3.304690
92, 104, 3.665921
104, 92, 3.665921
92, 388, 4.237569
388, 92, 4.237569
92, 803, 4.791625
803, 92, 4.791625
92, 667, 5.719968
667, 92, 5.719968
92, 21, 6.168692
21, 92, 6.168692
93, 441, 1.720916
441, 93, 1.720916
93, 217, 2.608081
217, 93, 2.608081
93, 901, 3.243937
901, 93, 3.243937
93, 626, 3.618848
626, 93, 3.618848
93, 18, 3.741136
18, 93, 3.741136
93, 804, 4.774014
804, 93, 4.774014
93, 733, 5.317765
733, 93, 5.317765
93, 146, 5.428629
146, 93, 5.428629
93, 218, 5.702953
218, 93, 5.702953
93, 726, 5.910811
726, 93, 5.910811
94, 201, 0.551060
201, 94, 0.551060
94, 269, 2.141782
269, 94, 2.141782
94, 937, 2.237241
937, 94, 2.237241
94, 629, 2.290383
629, 94, 2.290383
94, 27, 2.662666
27, 94, 2.662666
94, 661, 2.717385
661, 94, 2.717385
94, 391, 3.709560
391, 94, 3.709560
94, 829, 3.901903
829, 94, 3.901903
94, 849, 4.164609
849, 94, 4.164609
94, 361, 4.255427
361, 94, 4.255427
95, 579, 1.535967
579, 95, 1.535967
95, 417, 1.953000
417, 95, 1.953000
95, 16, 2.837397
16, 95, 2.837397
95, 939, 3.448310
939, 95, 3.448310
95, 704, 3.535362
704, 95, 3.535362
95, 6, 3.566402
6, 95, 3.566402
95, 891, 3.702581
891, 95, 3.702581
95, 918, 4.270641
918, 95, 4.270641
95, 549, 4.824330
549, 95, 4.824330
95, 922, 5.080447
922, 95, 5.080447
96, 665, 0.884055
665, 96, 0.884055
96, 595, 2.154806
595, 96, 2.154806
96, 344, 2.766008
344, 96, 2.766008
96, 281, 3.823940
281, 96, 3.823940
96, 893, 4.199648
893, 96, 4.199648
96, 576, 4.663619
576, 96, 4.663619
96, 53, 4.681236
53, 96, 4.681236
96, 580, 4.849037
580, 96, 4.849037
96, 740, 5.341141
740, 96, 5.341141
96, 671, 5.465529
671, 96, 5.465529
97, 109, 2.014937
109, 97, 2.014937
97, 855, 2.654856
855, 97, 2.654856
97, 70, 3.646221
70, 97, 3.646221
97, 151, 4.137239
151, 97, 4.137239
97, 608, 4.200997
608, 97, 4.200997
97, 282, 4.233397
282, 97, 4.233397
97, 554, 4.252094
554, 97, 4.252094
97, 866, 4.510209
866, 97, 4.510209
97, 953, 4.903558
953, 97, 4.903558
97, 118, 4.963095
118, 97, 4.963095
98, 567, 2.060964
567, 98, 2.060964
98, 105, 2.643554
105, 98, 2.643554
98, 748, 3.038354
748, 98, 3.038354
98, 357, 3.062309
357, 98, 3.062309
98, 851, 3.203380
851, 98, 3.203380
98, 288, 3.700190
288, 98, 3.700190
98, 576, 4.043309
576, 98, 4.043309
98, 171, 4.888600
171, 98, 4.888600
98, 401, 4.891463
401, 98, 4.891463
98, 494, 4.928626
494, 98, 4.928626
99, 881, 1.246816
881, 99, 1.246816
99, 780, 2.878814
780, 99, 2.878814
99, 506, 2.938561
506, 99, 2.938561
99, 540, 3.929694
540, 99, 3.929694
99, 397, 4.375207
397, 99, 4.375207
99, 861, 5.117257
861, 99, 5.117257
99, 978, 5.640598
978, 99, 5.640598
99, 863, 5.681597
863, 99, 5.681597
99, 587, 5.687640
587, 99, 5.687640
99, 933, 5.840762
933, 99, 5.840762
100, 426, 0.249890
426, 100, 0.249890
100, 151, 1.544182
151, 100, 1.544182
100, 292, 3.666018
292, 100, 3.666018
100, 205, 3.779936
205, 100, 3.779936
100, 953, 3.925171
953, 100, 3.925171
100, 413, 3.957244
413, 100, 3.957244
100, 70, 4.341764
70, 100, 4.341764
100, 13, 4.670663
13, 100, 4.670663
100, 186, 5.142284
186, 100, 5.142284
100, 97, 5.562783
97, 100, 5.562783
101, 409, 1.228240
409, 101, 1.228240
101, 497, 1.282624
497, 101, 1.282624
101, 139, 3.231018
139, 101, 3.231018
101, 132, 3.318636
132, 101, 3.318636
101, 173, 3.348266
173, 101, 3.348266
101, 890, 4.151134
890, 101, 4.151134
101, 876, 4.715013
876, 101, 4.715013
101, 701, 4.920127
701, 101, 4.920127
101, 111, 5.079091
111, 101, 5.079091
101, 270, 5.390042
270, 101, 5.390042
102, 613, 1.475290
613, 102, 1.475290
102, 586, 1.719634
586, 102, 1.719634
102, 934, 1.838788
934, 102, 1.838788
102, 655, 2.031237
655, 102, 2.031237
102, 557, 2.758686
557, 102, 2.758686
102, 491, 4.232318
491, 102, 4.232318
102, 283, 5.102835
283, 102, 5.102835
102, 779, 5.129788
779, 102, 5.129788
102, 853, 5.368934
853, 102, 5.368934
102, 176, 5.700834
176, 102, 5.700834
103, 176, 1.403019
176, 103, 1.403019
103, 853, 2.200217
853, 103, 2.200217
103, 26, 2.314108
26, 103, 2.314108
103, 669, 2.384355
669, 103, 2.384355
103, 502, 2.404124
502, 103, 2.404124
103, 179, 2.419093
179, 103, 2.419093
103, 631, 3.020035
631, 103, 3.020035
103, 188, 3.154153
188, 103, 3.154153
103, 470, 4.316673
470, 103, 4.316673
103, 7, 4.435372
7, 103, 4.435372
104, 388, 0.713479
388, 104, 0.713479
104, 912, 2.399677
912, 104, 2.399677
104, 667, 2.578173
667, 104, 2.578173
104, 722, 2.814885
722, 104, 2.814885
104, 981, 2.941422
981, 104, 2.941422
104, 442, 3.324072
442, 104, 3.324072
104, 92, 3.665921
92, 104, 3.665921
104, 799, 4.025197
799, 104, 4.025197
104, 590, 4.561472
590, 104, 4.561472
104, 438, 4.778116
438, 104, 4.778116
105, 748, 2.070052
748, 105, 2.070052
105, 98, 2.643554
98, 105, 2.643554
105, 567, 2.703229
567, 105, 2.703229
105, 401, 3.829256
401, 105, 3.829256
105, 494, 4.613723
494, 105, 4.613723
105, 628, 4.655727
628, 105, 4.655727
105, 171, 4.715172
171, 105, 4.715172
105, 288, 4.881617
288, 105, 4.881617
105, 929, 5.381239
929, 105, 5.381239
105, 357, 5.512656
357, 105, 5.512656
106, 862, 1.212308
862, 106, 1.212308
106, 465, 2.475365
465, 106, 2.475365
106, 789, 2.770825
789, 106, 2.770825
106, 237, 3.003111
237, 106, 3.003111
106, 972, 3.310347
972, 106, 3.310347
106, 900, 3.355818
900, 106, 3.355818
106, 518, 4.851478
518, 106, 4.851478
106, 884, 5.353682
884, 106, 5.353682
106, 985, 5.451771
985, 106, 5.451771
106, 531, 5.851315
531, 106, 5.851315
107, 487, 2.021994
487, 107, 2.021994
107, 113, 2.536567
113, 107, 2.536567
107, 354, 4.132424
354, 107, 4.132424
107, 236, 4.155706
236, 107, 4.155706
107, 287, 4.236445
287, 107, 4.236445
107, 315, 4.380305
315, 107, 4.380305
107, 593, 4.406696
593, 107, 4.406696
107, 408, 4.424323
408, 107, 4.424323
107, 744, 4.456225
744, 107, 4.456225
107, 23, 4.710777
23, 107, 4.710777
108, 648, 2.448678
648, 108, 2.448678
108, 67, 2.465548
67, 108, 2.465548
108, 49, 2.504391
49, 108, 2.504391
108, 425, 2.722468
425, 108, 2.722468
108, 52, 3.122890
52, 108, 3.122890
108, 515, 3.306364
515, 108, 3.306364
108, 7, 4.230440
7, 108, 4.230440
108, 372, 4.236746
372, 108, 4.236746
108, 196, 4.316794
196, 108, 4.316794
108, 51, 4.385964
51, 108, 4.385964
109, 855, 0.986222
855, 109, 0.986222
109, 97, 2.014937
97, 109, 2.014937
109, 554, 2.295181
554, 109, 2.295181
109, 282, 2.608022
282, 109, 2.608022
109, 523, 3.014383
523, 109, 3.014383
109, 70, 3.083563
70, 109, 3.083563
109, 608, 3.266808
608, 109, 3.266808
109, 685, 3.389981
685, 109, 3.389981
109, 33, 4.005044
33, 109, 4.005044
109, 13, 4.815499
13, 109, 4.815499
110, 657, 2.105980
657, 110, 2.105980
110, 257, 2.433044
257, 110, 2.433044
110, 302, 2.483823
302, 110, 2.483823
110, 730, 2.565997
730, 110, 2.565997
110, 140, 2.861001
140, 110, 2.861001
110, 14, 4.250927
14, 110, 4.250927
110, 398, 4.415237
398, 110, 4.415237
110, 481, 4.622350
481, 110, 4.622350
110, 840, 4.734896
840, 110, 4.734896
110, 815, 5.407877
815, 110, 5.407877
111, 592, 2.552518
592, 111, 2.552518
111, 890, 2.663765
890, 111, 2.663765
111, 173, 3.790096
173, 111, 3.790096
111, 270, 4.715246
270, 111, 4.715246
111, 414, 4.749033
414, 111, 4.749033
111, 101, 5.079091
101, 111, 5.079091
111, 291, 5.180627
291, 111, 5.180627
111, 409, 5.237287
409, 111, 5.237287
111, 497, 5.423348
497, 111, 5.423348
111, 636, 5.542709
636, 111, 5.542709
112, 860, 1.513205
860, 112, 1.513205
112, 902, 1.946141
902, 112, 1.946141
112, 37, 2.122387
37, 112, 2.122387
112, 971, 2.438042
971, 112, 2.438042
