20000
1, 508, 6.401790
508, 1, 6.401790
1, 908, 34.813854
908, 1, 34.813854
1, 453, 36.422748
453, 1, 36.422748
1, 130, 37.020964
130, 1, 37.020964
1, 828, 37.762355
828, 1, 37.762355
1, 820, 44.174380
820, 1, 44.174380
1, 140, 47.993220
140, 1, 47.993220
1, 350, 49.986138
350, 1, 49.986138
1, 463, 58.701235
463, 1, 58.701235
1, 316, 60.208625
316, 1, 60.208625
2, 135, 32.779469
135, 2, 32.779469
2, 951, 38.117347
951, 2, 38.117347
2, 67, 40.005488
67, 2, 40.005488
2, 230, 43.438004
230, 2, 43.438004
2, 139, 44.973568
139, 2, 44.973568
2, 273, 50.562222
273, 2, 50.562222
2, 22, 51.915176
22, 2, 51.915176
2, 801, 57.447229
801, 2, 57.447229
2, 249, 67.071303
249, 2, 67.071303
2, 461, 67.658437
461, 2, 67.658437
3, 267, 11.340247
267, 3, 11.340247
3, 243, 30.226492
243, 3, 30.226492
3, 977, 32.849680
977, 3, 32.849680
3, 866, 35.300300
866, 3, 35.300300
3, 854, 40.159889
854, 3, 40.159889
3, 292, 40.533344
292, 3, 40.533344
3, 355, 44.806918
355, 3, 44.806918
3, 254, 47.921716
254, 3, 47.921716
3, 345, 35.611873
345, 3, 35.611873
3, 940, 52.439602
940, 3, 52.439602
4, 656, 11.808235
656, 4, 11.808235
4, 530, 13.824088
530, 4, 13.824088
4, 611, 22.788801
611, 4, 22.788801
4, 928, 29.389904
928, 4, 29.389904
4, 637, 35.710562
637, 4, 35.710562
4, 472, 37.720385
472, 4, 37.720385
4, 726, 42.244910
726, 4, 42.244910
4, 407, 45.802727
407, 4, 45.802727
4, 129, 51.758270
129, 4, 51.758270
4, 428, 59.923850
428, 4, 59.923850
5, 147, 20.779026
147, 5, 20.779026
5, 46, 25.696344
46, 5, 25.696344
5, 897, 26.463985
897, 5, 26.463985
5, 834, 30.795416
834, 5, 30.795416
5, 766, 52.176080
766, 5, 52.176080
5, 112, 55.420296
112, 5, 55.420296
5, 12, 57.247847
12, 5, 57.247847
5, 366, 57.613101
366, 5, 57.613101
5, 492, 59.855437
492, 5, 59.855437
5, 222, 65.148063
222, 5, 65.148063
6, 486, 24.950856
486, 6, 24.950856
6, 604, 12.997135
604, 6, 12.997135
6, 454, 31.197510
454, 6, 31.197510
6, 481, 14.398550
481, 6, 14.398550
6, 65, 39.787586
65, 6, 39.787586
6, 133, 20.207696
133, 6, 20.207696
6, 648, 20.741585
648, 6, 20.741585
6, 839, 46.988948
839, 6, 46.988948
6, 246, 24.915720
246, 6, 24.915720
6, 924, 57.388872
924, 6, 57.388872
7, 607, 13.947736
607, 7, 13.947736
7, 228, 19.707929
228, 7, 19.707929
7, 831, 21.992030
831, 7, 21.992030
7, 753, 29.811078
753, 7, 29.811078
7, 845, 32.595684
845, 7, 32.595684
7, 492, 32.688904
492, 7, 32.688904
7, 424, 36.599059
424, 7, 36.599059
7, 874, 50.995666
874, 7, 50.995666
7, 42, 51.549491
42, 7, 51.549491
7, 112, 52.478347
112, 7, 52.478347
8, 821, 9.339697
821, 8, 9.339697
8, 840, 9.552527
840, 8, 9.552527
8, 134, 11.790045
134, 8, 11.790045
8, 102, 16.842564
102, 8, 16.842564
8, 947, 17.303263
947, 8, 17.303263
8, 270, 27.460233
270, 8, 27.460233
8, 625, 20.525419
625, 8, 20.525419
8, 66, 21.880105
66, 8, 21.880105
8, 423, 22.004085
423, 8, 22.004085
8, 975, 36.314104
975, 8, 36.314104
9, 487, 1.572096
487, 9, 1.572096
9, 543, 4.214182
543, 9, 4.214182
9, 240, 9.904647
240, 9, 9.904647
9, 905, 11.056943
905, 9, 11.056943
9, 625, 11.107113
625, 9, 11.107113
9, 439, 11.680374
439, 9, 11.680374
9, 102, 14.046166
102, 9, 14.046166
9, 855, 6.453975
855, 9, 6.453975
9, 757, 15.012481
757, 9, 15.012481
9, 497, 6.816847
497, 9, 6.816847
10, 160, 0.978408
160, 10, 0.978408
10, 782, 1.319348
782, 10, 1.319348
10, 387, 2.403907
387, 10, 2.403907
10, 645, 6.919292
645, 10, 6.919292
10, 207, 3.323983
207, 10, 3.323983
10, 334, 8.449676
334, 10, 8.449676
10, 769, 4.191444
769, 10, 4.191444
10, 119, 4.261809
119, 10, 4.261809
10, 522, 4.280514
522, 10, 4.280514
10, 189, 11.637736
189, 10, 11.637736
11, 198, 8.851041
198, 11, 8.851041
11, 842, 12.915650
842, 11, 12.915650
11, 685, 15.260610
685, 11, 15.260610
11, 279, 21.781789
279, 11, 21.781789
11, 780, 26.958816
780, 11, 26.958816
11, 509, 32.205784
509, 11, 32.205784
11, 589, 20.961025
589, 11, 20.961025
11, 457, 52.131294
457, 11, 52.131294
11, 78, 54.408906
78, 11, 54.408906
11, 385, 30.100720
385, 11, 30.100720
12, 325, 30.166902
325, 12, 30.166902
12, 366, 32.060270
366, 12, 32.060270
12, 469, 32.544637
469, 12, 32.544637
12, 51, 42.362636
51, 12, 42.362636
12, 834, 50.615045
834, 12, 50.615045
12, 417, 57.045338
417, 12, 57.045338
12, 5, 57.247847
5, 12, 57.247847
12, 324, 65.877958
324, 12, 65.877958
12, 737, 66.050198
737, 12, 66.050198
12, 46, 67.964245
46, 12, 67.964245
13, 768, 2.179730
768, 13, 2.179730
13, 714, 2.843146
714, 13, 2.843146
13, 803, 9.792107
803, 13, 9.792107
13, 213, 4.660975
213, 13, 4.660975
13, 852, 5.065415
852, 13, 5.065415
13, 240, 11.861440
240, 13, 11.861440
13, 354, 5.808242
354, 13, 5.808242
13, 1000, 6.071019
1000, 13, 6.071019
13, 439, 13.888886
439, 13, 13.888886
13, 465, 6.298535
465, 13, 6.298535
14, 494, 6.111812
494, 14, 6.111812
14, 715, 12.209838
715, 14, 12.209838
14, 904, 13.320585
904, 14, 13.320585
14, 512, 14.697186
512, 14, 14.697186
14, 359, 33.755433
359, 14, 33.755433
14, 703, 38.207631
703, 14, 38.207631
14, 596, 39.811770
596, 14, 39.811770
14, 629, 54.542415
629, 14, 54.542415
14, 71, 56.269787
71, 14, 56.269787
14, 963, 57.216864
963, 14, 57.216864
15, 755, 2.910892
755, 15, 2.910892
15, 196, 3.059564
196, 15, 3.059564
15, 719, 3.422713
719, 15, 3.422713
15, 275, 3.531459
275, 15, 3.531459
15, 332, 3.791393
332, 15, 3.791393
15, 510, 4.281591
510, 15, 4.281591
15, 323, 4.661895
323, 15, 4.661895
15, 622, 4.929255
622, 15, 4.929255
15, 938, 5.159884
938, 15, 5.159884
15, 642, 5.358197
642, 15, 5.358197
16, 517, 15.074815
517, 16, 15.074815
16, 516, 17.544448
516, 16, 17.544448
16, 318, 22.204432
318, 16, 22.204432
16, 472, 28.316787
472, 16, 28.316787
16, 468, 44.024307
468, 16, 44.024307
16, 716, 45.178113
716, 16, 45.178113
16, 535, 55.060619
535, 16, 55.060619
16, 442, 55.247952
442, 16, 55.247952
16, 530, 57.784000
530, 16, 57.784000
16, 993, 57.929692
993, 16, 57.929692
17, 368, 1.706371
368, 17, 1.706371
17, 27, 1.823506
27, 17, 1.823506
17, 534, 2.470526
534, 17, 2.470526
17, 467, 3.142957
467, 17, 3.142957
17, 41, 3.491329
41, 17, 3.491329
17, 804, 3.604373
804, 17, 3.604373
17, 386, 3.963908
386, 17, 3.963908
17, 155, 4.578870
155, 17, 4.578870
17, 57, 4.590402
57, 17, 4.590402
17, 608, 7.072979
608, 17, 7.072979
18, 308, 5.705388
308, 18, 5.705388
18, 501, 9.191752
501, 18, 9.191752
18, 781, 9.563447
781, 18, 9.563447
18, 647, 10.340305
647, 18, 10.340305
18, 738, 11.253265
738, 18, 11.253265
18, 888, 11.617927
888, 18, 11.617927
18, 302, 11.670540
302, 18, 11.670540
18, 926, 12.282748
926, 18, 12.282748
18, 342, 14.065418
342, 18, 14.065418
18, 765, 14.673750
765, 18, 14.673750
19, 89, 21.411085
89, 19, 21.411085
19, 663, 21.760407
663, 19, 21.760407
19, 941, 27.673286
941, 19, 27.673286
19, 515, 29.908112
515, 19, 29.908112
19, 882, 33.955181
882, 19, 33.955181
19, 317, 41.041568
317, 19, 41.041568
19, 744, 42.362032
744, 19, 42.362032
19, 838, 42.514771
838, 19, 42.514771
19, 436, 43.621215
436, 19, 43.621215
19, 337, 44.851337
337, 19, 44.851337
20, 336, 0.972232
336, 20, 0.972232
20, 724, 2.713113
724, 20, 2.713113
20, 88, 3.450918
88, 20, 3.450918
20, 964, 4.097769
964, 20, 4.097769
20, 123, 4.363928
123, 20, 4.363928
20, 657, 5.598657
657, 20, 5.598657
20, 859, 6.696696
859, 20, 6.696696
20, 180, 7.162157
180, 20, 7.162157
20, 514, 8.782706
514, 20, 8.782706
20, 679, 22.245965
679, 20, 22.245965
21, 734, 27.747038
734, 21, 27.747038
21, 25, 29.111613
25, 21, 29.111613
21, 370, 32.089121
370, 21, 32.089121
21, 896, 37.177286
896, 21, 37.177286
21, 401, 40.888883
401, 21, 40.888883
21, 184, 44.394137
184, 21, 44.394137
21, 720, 45.270389
720, 21, 45.270389
21, 562, 47.352702
562, 21, 47.352702
21, 396, 54.062540
396, 21, 54.062540
21, 428, 54.904494
428, 21, 54.904494
22, 951, 19.994437
951, 22, 19.994437
22, 461, 22.710553
461, 22, 22.710553
22, 585, 31.367235
585, 22, 31.367235
22, 528, 43.873584
528, 22, 43.873584
22, 273, 45.729043
273, 22, 45.729043
22, 135, 46.347206
135, 22, 46.347206
22, 666, 48.180036
666, 22, 48.180036
22, 229, 49.942115
229, 22, 49.942115
22, 2, 51.915176
2, 22, 51.915176
22, 479, 53.741770
479, 22, 53.741770
23, 825, 7.564500
825, 23, 7.564500
23, 618, 8.563415
618, 23, 8.563415
23, 643, 8.592692
643, 23, 8.592692
23, 682, 8.905781
682, 23, 8.905781
23, 915, 9.614680
915, 23, 9.614680
23, 330, 10.982996
330, 23, 10.982996
23, 491, 11.148051
491, 23, 11.148051
23, 668, 12.596076
668, 23, 12.596076
23, 608, 13.312302
608, 23, 13.312302
23, 796, 9.942883
796, 23, 9.942883
24, 52, 9.815480
52, 24, 9.815480
24, 600, 17.282646
600, 24, 17.282646
24, 475, 20.349568
475, 24, 20.349568
24, 339, 27.561099
339, 24, 27.561099
24, 609, 28.690450
609, 24, 28.690450
24, 432, 34.040405
432, 24, 34.040405
24, 191, 34.264489
191, 24, 34.264489
24, 770, 46.852799
770, 24, 46.852799
24, 127, 47.022999
127, 24, 47.022999
24, 75, 52.234728
75, 24, 52.234728
25, 734, 13.340350
734, 25, 13.340350
25, 184, 18.629298
184, 25, 18.629298
25, 370, 22.499298
370, 25, 22.499298
25, 428, 26.796509
428, 25, 26.796509
25, 21, 29.111613
21, 25, 29.111613
25, 726, 37.333883
726, 25, 37.333883
25, 407, 55.666586
407, 25, 55.666586
25, 468, 57.196465
468, 25, 57.196465
25, 716, 57.675723
716, 25, 57.675723
25, 373, 58.323050
373, 25, 58.323050
26, 480, 7.253158
480, 26, 7.253158
26, 633, 18.080605
633, 26, 18.080605
26, 684, 20.924911
684, 26, 20.924911
26, 94, 23.818430
94, 26, 23.818430
26, 298, 38.841097
298, 26, 38.841097
26, 436, 48.103722
436, 26, 48.103722
26, 838, 50.363223
838, 26, 50.363223
26, 178, 50.797748
178, 26, 50.797748
26, 746, 53.258883
746, 26, 53.258883
26, 717, 56.740254
717, 26, 56.740254
27, 368, 0.408677
368, 27, 0.408677
27, 17, 1.823506
17, 27, 1.823506
27, 804, 2.017070
804, 27, 2.017070
27, 534, 2.204721
534, 27, 2.204721
27, 386, 2.870780
386, 27, 2.870780
27, 57, 2.933934
57, 27, 2.933934
27, 608, 4.910294
608, 27, 4.910294
27, 155, 3.676297
155, 27, 3.676297
27, 365, 4.818425
365, 27, 4.818425
27, 467, 4.957776
467, 27, 4.957776
28, 853, 11.627526
853, 28, 11.627526
28, 236, 15.651295
236, 28, 15.651295
28, 474, 20.408211
474, 28, 20.408211
28, 353, 30.048262
353, 28, 30.048262
28, 969, 34.141824
969, 28, 34.141824
28, 787, 38.977490
787, 28, 38.977490
28, 532, 41.881123
532, 28, 41.881123
28, 752, 51.385057
752, 28, 51.385057
28, 448, 58.099884
448, 28, 58.099884
28, 597, 59.012459
597, 28, 59.012459
29, 166, 16.205516
166, 29, 16.205516
29, 331, 32.314158
331, 29, 32.314158
29, 788, 45.683899
788, 29, 45.683899
29, 321, 47.344838
321, 29, 47.344838
29, 624, 48.964961
624, 29, 48.964961
29, 747, 49.365027
747, 29, 49.365027
29, 98, 56.260728
98, 29, 56.260728
29, 233, 60.793147
233, 29, 60.793147
29, 950, 63.386191
950, 29, 63.386191
29, 980, 70.176785
980, 29, 70.176785
30, 526, 12.639713
526, 30, 12.639713
30, 311, 33.411582
311, 30, 33.411582
30, 791, 35.237206
791, 30, 35.237206
30, 319, 38.834085
319, 30, 38.834085
30, 924, 39.341770
924, 30, 39.341770
30, 902, 45.345633
902, 30, 45.345633
30, 244, 21.591519
244, 30, 21.591519
30, 454, 50.562067
454, 30, 50.562067
30, 44, 52.689891
44, 30, 52.689891
30, 784, 53.975210
784, 30, 53.975210
31, 235, 2.396701
235, 31, 2.396701
31, 176, 2.984317
176, 31, 2.984317
31, 742, 5.775331
742, 31, 5.775331
31, 179, 6.887396
179, 31, 6.887396
31, 260, 11.352832
260, 31, 11.352832
31, 239, 11.465695
239, 31, 11.465695
31, 676, 11.843549
676, 31, 11.843549
31, 800, 13.379506
800, 31, 13.379506
31, 758, 13.687126
758, 31, 13.687126
31, 930, 13.996113
930, 31, 13.996113
32, 54, 3.322964
54, 32, 3.322964
32, 567, 3.515423
567, 32, 3.515423
32, 664, 3.558623
664, 32, 3.558623
32, 558, 4.063299
558, 32, 4.063299
32, 754, 4.104901
754, 32, 4.104901
32, 942, 4.411487
942, 32, 4.411487
32, 771, 4.676572
771, 32, 4.676572
32, 884, 4.833744
884, 32, 4.833744
32, 841, 5.475590
841, 32, 5.475590
32, 907, 6.646519
907, 32, 6.646519
33, 344, 17.060775
344, 33, 17.060775
33, 520, 21.152118
520, 33, 21.152118
33, 835, 24.391773
835, 33, 24.391773
33, 881, 30.827426
881, 33, 30.827426
33, 680, 31.675314
680, 33, 31.675314
33, 182, 40.864024
182, 33, 40.864024
33, 42, 50.289240
42, 33, 50.289240
33, 380, 55.068986
380, 33, 55.068986
33, 971, 59.081556
971, 33, 59.081556
33, 477, 60.050590
477, 33, 60.050590
34, 394, 0.688461
394, 34, 0.688461
34, 649, 2.236232
649, 34, 2.236232
34, 779, 3.952069
779, 34, 3.952069
34, 554, 3.463967
554, 34, 3.463967
34, 378, 5.551551
378, 34, 5.551551
34, 397, 4.085894
397, 34, 4.085894
34, 954, 5.962638
954, 34, 5.962638
34, 644, 4.241224
644, 34, 4.241224
34, 452, 5.409486
452, 34, 5.409486
34, 416, 7.718220
416, 34, 7.718220
35, 772, 3.478909
772, 35, 3.478909
35, 778, 4.860978
778, 35, 4.860978
35, 431, 5.413139
431, 35, 5.413139
35, 541, 6.664007
541, 35, 6.664007
35, 648, 7.727996
648, 35, 7.727996
35, 53, 8.825930
53, 35, 8.825930
35, 197, 9.312440
197, 35, 9.312440
35, 991, 10.658258
991, 35, 10.658258
35, 604, 11.283217
604, 35, 11.283217
35, 239, 12.495698
239, 35, 12.495698
36, 583, 2.727685
583, 36, 2.727685
36, 381, 3.146160
381, 36, 3.146160
36, 384, 3.237047
384, 36, 3.237047
36, 495, 3.360099
495, 36, 3.360099
36, 873, 4.325647
873, 36, 4.325647
36, 856, 4.406563
856, 36, 4.406563
36, 712, 4.954769
712, 36, 4.954769
36, 547, 5.288886
547, 36, 5.288886
36, 265, 5.511593
265, 36, 5.511593
36, 190, 6.218539
190, 36, 6.218539
37, 188, 1.496246
188, 37, 1.496246
37, 93, 5.343309
93, 37, 5.343309
37, 668, 6.469421
668, 37, 6.469421
37, 730, 6.978848
730, 37, 6.978848
37, 774, 8.016934
774, 37, 8.016934
37, 238, 9.939213
238, 37, 9.939213
37, 756, 23.569237
756, 37, 23.569237
37, 707, 10.958276
707, 37, 10.958276
37, 595, 11.930927
595, 37, 11.930927
37, 566, 13.037064
566, 37, 13.037064
38, 348, 10.974413
348, 38, 10.974413
38, 63, 11.807291
63, 38, 11.807291
38, 547, 6.761807
547, 38, 6.761807
38, 996, 17.228306
996, 38, 17.228306
38, 640, 18.824824
640, 38, 18.824824
38, 409, 8.974726
409, 38, 8.974726
38, 62, 20.397355
62, 38, 20.397355
38, 549, 21.389708
549, 38, 21.389708
38, 137, 23.813422
137, 38, 23.813422
38, 495, 10.915400
495, 38, 10.915400
39, 986, 0.386702
986, 39, 0.386702
39, 875, 1.481289
875, 39, 1.481289
39, 844, 1.941116
844, 39, 1.941116
39, 968, 2.534907
968, 39, 2.534907
39, 521, 2.890516
521, 39, 2.890516
39, 269, 4.582574
269, 39, 4.582574
39, 822, 8.630981
822, 39, 8.630981
39, 701, 6.207307
701, 39, 6.207307
39, 132, 9.224756
132, 39, 9.224756
39, 669, 9.322512
669, 39, 9.322512
40, 591, 1.525822
591, 40, 1.525822
40, 414, 2.033899
414, 40, 2.033899
40, 360, 2.061238
360, 40, 2.061238
40, 404, 2.670461
404, 40, 2.670461
40, 901, 2.849313
901, 40, 2.849313
40, 367, 2.960899
367, 40, 2.960899
40, 592, 3.367953
592, 40, 3.367953
40, 152, 3.890086
152, 40, 3.890086
40, 280, 8.925215
280, 40, 8.925215
40, 488, 9.288807
488, 40, 9.288807
41, 677, 1.839634
677, 41, 1.839634
41, 467, 2.157595
467, 41, 2.157595
41, 539, 2.302055
539, 41, 2.302055
41, 837, 2.380688
837, 41, 2.380688
41, 17, 3.491329
17, 41, 3.491329
41, 722, 4.000220
722, 41, 4.000220
41, 534, 4.277012
534, 41, 4.277012
41, 818, 4.791528
818, 41, 4.791528
41, 368, 4.877072
368, 41, 4.877072
41, 823, 4.959592
823, 41, 4.959592
42, 116, 15.858875
116, 42, 15.858875
42, 845, 24.538550
845, 42, 24.538550
42, 687, 28.921000
687, 42, 28.921000
42, 520, 30.950458
520, 42, 30.950458
42, 949, 36.439776
949, 42, 36.439776
42, 209, 37.042065
209, 42, 37.042065
42, 881, 38.784608
881, 42, 38.784608
42, 477, 44.796971
477, 42, 44.796971
42, 607, 47.658065
607, 42, 47.658065
42, 33, 50.289240
33, 42, 50.289240
43, 466, 16.035492
466, 43, 16.035492
43, 776, 27.181031
776, 43, 27.181031
43, 537, 27.196718
537, 43, 27.196718
43, 168, 27.379737
168, 43, 27.379737
43, 114, 29.708860
114, 43, 29.708860
43, 750, 32.128257
750, 43, 32.128257
43, 252, 32.863515
252, 43, 32.863515
43, 203, 33.808808
203, 43, 33.808808
43, 390, 35.320453
390, 43, 35.320453
43, 914, 36.289214
914, 43, 36.289214
44, 156, 17.062124
156, 44, 17.062124
44, 244, 14.869001
244, 44, 14.869001
44, 148, 15.625303
148, 44, 15.625303
44, 253, 15.871760
253, 44, 15.871760
44, 319, 45.722952
319, 44, 45.722952
44, 902, 45.952278
902, 44, 45.952278
44, 791, 46.864974
791, 44, 46.864974
44, 433, 22.621973
433, 44, 22.621973
44, 30, 52.689891
30, 44, 52.689891
44, 526, 60.032910
526, 44, 60.032910
45, 525, 18.749113
525, 45, 18.749113
45, 807, 28.259211
807, 45, 28.259211
45, 797, 16.149777
797, 45, 16.149777
45, 248, 19.817953
248, 45, 19.817953
45, 506, 49.540787
506, 45, 49.540787
45, 162, 52.113054
162, 45, 52.113054
45, 699, 58.921693
699, 45, 58.921693
45, 193, 27.440047
193, 45, 27.440047
45, 320, 61.489152
320, 45, 61.489152
45, 165, 61.683064
165, 45, 61.683064
46, 834, 20.596770
834, 46, 20.596770
46, 147, 23.165812
147, 46, 23.165812
46, 5, 25.696344
5, 46, 25.696344
46, 766, 35.367896
766, 46, 35.367896
46, 897, 38.255008
897, 46, 38.255008
46, 222, 44.891068
222, 46, 44.891068
46, 112, 48.841380
112, 46, 48.841380
46, 366, 54.905628
366, 46, 54.905628
46, 492, 61.693441
492, 46, 61.693441
46, 12, 67.964245
12, 46, 67.964245
47, 785, 2.896620
785, 47, 2.896620
47, 210, 5.143268
210, 47, 5.143268
47, 698, 5.548414
698, 47, 5.548414
47, 411, 7.061232
411, 47, 7.061232
47, 917, 5.339050
917, 47, 5.339050
47, 616, 8.346604
616, 47, 8.346604
47, 587, 9.559227
587, 47, 9.559227
47, 944, 23.526638
944, 47, 23.526638
47, 932, 11.317174
932, 47, 11.317174
47, 581, 8.268152
581, 47, 8.268152
48, 654, 0.992713
654, 48, 0.992713
48, 943, 1.619645
943, 48, 1.619645
48, 464, 2.250492
464, 48, 2.250492
48, 958, 2.565491
958, 48, 2.565491
48, 522, 3.112931
522, 48, 3.112931
48, 576, 4.436847
576, 48, 4.436847
48, 769, 4.910194
769, 48, 4.910194
48, 160, 6.415767
160, 48, 6.415767
48, 119, 6.770083
119, 48, 6.770083
48, 231, 6.858489
231, 48, 6.858489
49, 997, 1.553313
997, 49, 1.553313
49, 673, 3.812457
673, 49, 3.812457
49, 763, 4.357697
763, 49, 4.357697
49, 513, 4.759685
513, 49, 4.759685
49, 690, 5.345892
690, 49, 5.345892
49, 544, 5.821643
544, 49, 5.821643
49, 329, 5.926933
329, 49, 5.926933
49, 594, 6.364942
594, 49, 6.364942
49, 415, 6.816358
415, 49, 6.816358
49, 748, 6.817738
748, 49, 6.817738
50, 476, 4.048959
476, 50, 4.048959
50, 974, 11.576026
974, 50, 11.576026
50, 635, 5.233080
635, 50, 5.233080
50, 679, 14.441560
679, 50, 14.441560
50, 859, 8.285441
859, 50, 8.285441
50, 514, 8.567848
514, 50, 8.567848
50, 906, 21.826590
906, 50, 21.826590
50, 307, 9.764075
307, 50, 9.764075
50, 751, 22.065353
751, 50, 22.065353
50, 88, 10.611014
88, 50, 10.611014
51, 469, 10.224928
469, 51, 10.224928
51, 417, 16.026835
417, 51, 16.026835
51, 325, 20.443965
325, 51, 20.443965
51, 324, 30.442430
324, 51, 30.442430
51, 400, 33.245840
400, 51, 33.245840
51, 12, 42.362636
12, 51, 42.362636
51, 737, 44.782392
737, 51, 44.782392
51, 366, 49.112282
366, 51, 49.112282
51, 107, 53.503320
107, 51, 53.503320
51, 836, 56.164660
836, 51, 56.164660
52, 24, 9.815480
24, 52, 9.815480
52, 600, 23.786986
600, 52, 23.786986
52, 475, 24.857782
475, 52, 24.857782
52, 432, 30.155473
432, 52, 30.155473
52, 339, 33.060011
339, 52, 33.060011
52, 770, 37.297879
770, 52, 37.297879
52, 609, 37.966470
609, 52, 37.966470
52, 191, 42.192815
191, 52, 42.192815
52, 75, 53.743684
75, 52, 53.743684
52, 127, 55.380129
127, 52, 55.380129
53, 239, 3.729660
239, 53, 3.729660
53, 541, 5.343555
541, 53, 5.343555
53, 772, 7.605102
772, 53, 7.605102
53, 991, 8.313939
991, 53, 8.313939
53, 35, 8.825930
35, 53, 8.825930
53, 431, 9.884093
431, 53, 9.884093
53, 197, 10.681870
197, 53, 10.681870
53, 778, 11.465090
778, 53, 11.465090
53, 176, 11.731890
176, 53, 11.731890
53, 235, 12.380958
235, 53, 12.380958
54, 771, 1.968347
771, 54, 1.968347
54, 754, 2.398784
754, 54, 2.398784
54, 32, 3.322964
32, 54, 3.322964
54, 664, 3.916341
664, 54, 3.916341
54, 421, 4.572418
421, 54, 4.572418
54, 309, 4.710608
309, 54, 4.710608
54, 558, 5.640779
558, 54, 5.640779
54, 841, 5.968622
841, 54, 5.968622
54, 567, 6.063153
567, 54, 6.063153
54, 942, 6.267657
942, 54, 6.267657
55, 889, 15.473205
889, 55, 15.473205
55, 66, 22.021401
66, 55, 22.021401
55, 327, 31.208295
327, 55, 31.208295
55, 923, 32.515640
923, 55, 32.515640
55, 945, 24.327807
945, 55, 24.327807
55, 171, 24.711257
171, 55, 24.711257
55, 74, 27.161991
74, 55, 27.161991
55, 947, 27.425541
947, 55, 27.425541
55, 479, 41.573705
479, 55, 41.573705
55, 739, 42.884725
739, 55, 42.884725
56, 296, 8.633570
296, 56, 8.633570
56, 632, 9.983218
632, 56, 9.983218
56, 115, 11.733403
115, 56, 11.733403
56, 832, 21.928977
832, 56, 21.928977
56, 266, 25.642583
266, 56, 25.642583
56, 706, 30.149810
706, 56, 30.149810
56, 887, 34.274394
887, 56, 34.274394
56, 745, 43.840095
745, 56, 43.840095
56, 809, 46.291205
809, 56, 46.291205
56, 985, 50.821022
985, 56, 50.821022
57, 386, 1.762429
386, 57, 1.762429
57, 365, 2.402689
365, 57, 2.402689
57, 155, 2.403618
155, 57, 2.403618
57, 27, 2.933934
27, 57, 2.933934
57, 804, 2.996456
804, 57, 2.996456
57, 814, 3.178031
814, 57, 3.178031
57, 643, 4.513350
643, 57, 4.513350
57, 368, 3.274377
368, 57, 3.274377
57, 608, 5.348842
608, 57, 5.348842
57, 682, 5.589106
682, 57, 5.589106
58, 391, 12.859765
391, 58, 12.859765
58, 165, 14.864147
165, 58, 14.864147
58, 538, 22.863545
538, 58, 22.863545
58, 699, 23.185442
699, 58, 23.185442
58, 570, 23.455364
570, 58, 23.455364
58, 413, 35.080555
413, 58, 35.080555
58, 506, 35.404959
506, 58, 35.404959
58, 906, 36.931524
906, 58, 36.931524
58, 507, 40.022319
507, 58, 40.022319
58, 586, 44.929078
586, 58, 44.929078
59, 564, 1.098348
564, 59, 1.098348
59, 440, 2.133537
440, 59, 2.133537
59, 614, 2.251518
614, 59, 2.251518
59, 895, 2.902601
895, 59, 2.902601
59, 735, 3.667680
735, 59, 3.667680
59, 878, 8.653456
878, 59, 8.653456
59, 688, 10.191497
688, 59, 10.191497
59, 978, 4.726346
978, 59, 4.726346
59, 220, 10.805600
220, 59, 10.805600
59, 884, 4.868978
884, 59, 4.868978
60, 106, 4.633846
106, 60, 4.633846
60, 519, 4.918802
519, 60, 4.918802
60, 992, 6.168528
992, 60, 6.168528
60, 937, 6.436756
937, 60, 6.436756
60, 718, 6.969553
718, 60, 6.969553
60, 617, 7.638938
617, 60, 7.638938
60, 812, 8.563366
812, 60, 8.563366
60, 73, 8.757556
73, 60, 8.757556
60, 584, 9.068211
584, 60, 9.068211
60, 953, 9.453089
953, 60, 9.453089
61, 460, 11.039643
460, 61, 11.039643
61, 846, 24.696703
846, 61, 24.696703
61, 208, 27.248365
208, 61, 27.248365
61, 631, 28.425069
631, 61, 28.425069
61, 533, 34.396305
533, 61, 34.396305
61, 523, 34.506894
523, 61, 34.506894
61, 681, 35.618775
681, 61, 35.618775
61, 674, 35.713106
674, 61, 35.713106
61, 140, 37.796150
140, 61, 37.796150
61, 224, 42.820844
224, 61, 42.820844
62, 640, 5.069635
640, 62, 5.069635
62, 63, 8.590477
63, 62, 8.590477
62, 571, 8.808071
571, 62, 8.808071
62, 38, 20.397355
38, 62, 20.397355
62, 473, 22.553484
473, 62, 22.553484
62, 482, 11.068601
482, 62, 11.068601
62, 333, 24.811803
333, 62, 24.811803
62, 261, 11.101588
261, 62, 11.101588
62, 348, 26.874362
348, 62, 26.874362
62, 957, 27.500963
957, 62, 27.500963
63, 640, 7.955318
640, 63, 7.955318
63, 62, 8.590477
62, 63, 8.590477
63, 38, 11.807291
38, 63, 11.807291
63, 571, 16.666268
571, 63, 16.666268
63, 348, 19.200186
348, 63, 19.200186
63, 547, 10.398070
547, 63, 10.398070
63, 333, 25.797095
333, 63, 25.797095
63, 996, 26.672603
996, 63, 26.672603
63, 261, 12.083318
261, 63, 12.083318
63, 473, 28.318365
473, 63, 28.318365
64, 82, 2.590581
82, 64, 2.590581
64, 899, 4.022779
899, 64, 4.022779
64, 338, 4.870659
338, 64, 4.870659
64, 485, 5.876117
485, 64, 5.876117
64, 299, 7.425134
299, 64, 7.425134
64, 426, 8.588644
426, 64, 8.588644
64, 379, 9.491080
379, 64, 9.491080
64, 219, 10.002320
219, 64, 10.002320
64, 385, 10.140151
385, 64, 10.140151
64, 548, 11.105178
548, 64, 11.105178
65, 486, 19.629052
486, 65, 19.629052
65, 839, 20.523098
839, 65, 20.523098
65, 246, 14.301255
246, 65, 14.301255
65, 481, 16.741752
481, 65, 16.741752
65, 6, 39.787586
6, 65, 39.787586
65, 727, 18.000029
727, 65, 18.000029
65, 76, 23.483019
76, 65, 23.483019
65, 454, 53.006864
454, 65, 53.006864
65, 141, 57.154210
141, 65, 57.154210
65, 133, 25.685375
133, 65, 25.685375
66, 947, 7.089080
947, 66, 7.089080
66, 134, 16.180305
134, 66, 16.180305
66, 975, 28.840398
975, 66, 28.840398
66, 821, 20.810346
821, 66, 20.810346
66, 270, 30.166324
270, 66, 30.166324
66, 8, 21.880105
8, 66, 21.880105
66, 55, 22.021401
55, 66, 22.021401
66, 327, 32.404280
327, 66, 32.404280
66, 923, 32.554730
923, 66, 32.554730
66, 74, 23.723693
74, 66, 23.723693
67, 273, 20.039713
273, 67, 20.039713
67, 2, 40.005488
2, 67, 40.005488
67, 139, 40.343294
139, 67, 40.343294
67, 412, 42.554232
412, 67, 42.554232
67, 230, 50.104322
230, 67, 50.104322
67, 395, 50.603185
395, 67, 50.603185
67, 585, 52.390022
585, 67, 52.390022
67, 729, 54.954982
729, 67, 54.954982
67, 528, 56.590473
528, 67, 56.590473
67, 22, 56.636580
22, 67, 56.636580
68, 843, 2.483610
843, 68, 2.483610
68, 242, 2.512684
242, 68, 2.512684
68, 340, 2.777305
340, 68, 2.777305
68, 365, 4.561136
365, 68, 4.561136
68, 814, 4.906731
814, 68, 4.906731
68, 306, 4.935993
306, 68, 4.935993
68, 796, 5.075226
796, 68, 5.075226
68, 155, 5.269419
155, 68, 5.269419
68, 386, 6.087584
386, 68, 6.087584
68, 263, 6.814336
263, 68, 6.814336
69, 287, 2.238857
287, 69, 2.238857
69, 856, 2.605687
856, 69, 2.605687
69, 870, 3.034126
870, 69, 3.034126
69, 409, 3.137360
409, 69, 3.137360
69, 384, 3.214177
384, 69, 3.214177
69, 678, 3.581160
678, 69, 3.581160
69, 137, 9.270654
137, 69, 9.270654
69, 794, 9.587303
794, 69, 9.587303
69, 547, 4.596848
547, 69, 4.596848
69, 265, 5.315342
265, 69, 5.315342
70, 364, 14.806479
364, 70, 14.806479
70, 936, 17.779069
936, 70, 17.779069
70, 631, 26.146267
631, 70, 26.146267
70, 674, 30.228201
674, 70, 30.228201
70, 764, 21.972480
764, 70, 21.972480
70, 846, 32.324156
846, 70, 32.324156
70, 681, 33.174764
681, 70, 33.174764
70, 110, 23.941152
110, 70, 23.941152
70, 523, 38.091452
523, 70, 38.091452
70, 460, 38.190812
460, 70, 38.190812
71, 963, 2.577232
963, 71, 2.577232
71, 288, 25.458703
288, 71, 25.458703
71, 375, 39.652561
375, 71, 39.652561
71, 512, 43.174351
512, 71, 43.174351
71, 715, 45.109929
715, 71, 45.109929
71, 629, 45.328059
629, 71, 45.328059
71, 462, 45.515169
462, 71, 45.515169
71, 703, 46.144369
703, 71, 46.144369
71, 412, 55.098217
412, 71, 55.098217
71, 14, 56.269787
14, 71, 56.269787
72, 372, 0.553001
372, 72, 0.553001
72, 200, 1.955787
200, 72, 1.955787
72, 723, 2.380641
723, 72, 2.380641
72, 231, 2.750827
231, 72, 2.750827
72, 646, 3.342837
646, 72, 3.342837
72, 686, 3.537588
686, 72, 3.537588
72, 588, 4.647022
588, 72, 4.647022
72, 580, 5.766628
580, 72, 5.766628
72, 322, 5.908853
322, 72, 5.908853
72, 946, 6.920163
946, 72, 6.920163
73, 718, 1.934725
718, 73, 1.934725
73, 953, 1.954479
953, 73, 1.954479
73, 760, 3.998946
760, 73, 3.998946
73, 572, 5.525398
572, 73, 5.525398
73, 634, 7.272946
634, 73, 7.272946
73, 132, 7.626434
132, 73, 7.626434
73, 937, 8.174261
937, 73, 8.174261
73, 269, 8.358851
269, 73, 8.358851
73, 60, 8.757556
60, 73, 8.757556
73, 822, 9.895566
822, 73, 9.895566
74, 757, 4.462545
757, 74, 4.462545
74, 439, 11.769985
439, 74, 11.769985
74, 240, 16.294682
240, 74, 16.294682
74, 945, 17.733882
945, 74, 17.733882
74, 171, 17.888472
171, 74, 17.888472
74, 803, 19.372089
803, 74, 19.372089
74, 66, 23.723693
66, 74, 23.723693
74, 768, 11.302288
768, 74, 11.302288
74, 889, 25.386555
889, 74, 25.386555
74, 134, 26.076833
134, 74, 26.076833
75, 339, 28.749268
339, 75, 28.749268
75, 247, 30.894046
247, 75, 30.894046
75, 432, 31.047165
432, 75, 31.047165
75, 600, 37.599764
600, 75, 37.599764
75, 80, 45.889794
80, 75, 45.889794
75, 402, 48.703106
402, 75, 48.703106
75, 743, 50.295218
743, 75, 50.295218
75, 24, 52.234728
24, 75, 52.234728
75, 52, 53.743684
52, 75, 53.743684
75, 770, 64.987960
770, 75, 64.987960
76, 727, 2.476743
727, 76, 2.476743
76, 246, 4.583582
246, 76, 4.583582
76, 212, 5.856368
212, 76, 5.856368
76, 700, 6.381555
700, 76, 6.381555
76, 885, 16.015728
885, 76, 16.015728
76, 709, 7.531134
709, 76, 7.531134
76, 795, 20.961903
795, 76, 20.961903
76, 481, 10.168445
481, 76, 10.168445
76, 392, 23.402272
392, 76, 23.402272
76, 65, 23.483019
65, 76, 23.483019
77, 725, 11.671535
725, 77, 11.671535
77, 957, 15.937198
957, 77, 15.937198
77, 204, 16.111878
204, 77, 16.111878
77, 276, 18.683522
276, 77, 18.683522
77, 333, 19.470139
333, 77, 19.470139
77, 473, 22.100469
473, 77, 22.100469
77, 601, 22.180417
601, 77, 22.180417
77, 713, 23.547820
713, 77, 23.547820
77, 216, 24.547211
216, 77, 24.547211
77, 484, 24.763155
484, 77, 24.763155
78, 509, 23.667411
509, 78, 23.667411
78, 181, 40.058211
181, 78, 40.058211
78, 127, 43.445399
127, 78, 43.445399
78, 457, 47.113602
457, 78, 47.113602
78, 609, 48.570711
609, 78, 48.570711
78, 780, 49.585858
780, 78, 49.585858
78, 191, 52.514152
191, 78, 52.514152
78, 198, 53.186337
198, 78, 53.186337
78, 11, 54.408906
11, 78, 54.408906
78, 842, 57.821955
842, 78, 57.821955
79, 262, 4.201810
262, 79, 4.201810
79, 284, 11.343513
284, 79, 11.343513
79, 174, 12.161498
174, 79, 12.161498
79, 171, 16.618550
171, 79, 16.618550
79, 945, 16.865371
945, 79, 16.865371
79, 550, 18.378056
550, 79, 18.378056
79, 889, 20.101493
889, 79, 20.101493
79, 794, 23.309730
794, 79, 23.309730
79, 803, 23.417531
803, 79, 23.417531
79, 213, 10.891215
213, 79, 10.891215
80, 743, 5.922392
743, 80, 5.922392
80, 402, 29.502601
402, 80, 29.502601
80, 864, 41.024894
864, 80, 41.024894
80, 247, 43.031224
247, 80, 43.031224
80, 75, 45.889794
75, 80, 45.889794
80, 813, 53.085851
813, 80, 53.085851
80, 98, 64.595581
98, 80, 64.595581
80, 950, 68.942756
950, 80, 68.942756
80, 432, 71.015567
432, 80, 71.015567
80, 145, 73.495511
145, 80, 73.495511
81, 867, 1.775109
867, 81, 1.775109
81, 377, 1.921104
377, 81, 1.921104
81, 206, 3.942644
206, 81, 3.942644
81, 217, 4.505994
217, 81, 4.505994
81, 376, 4.626677
376, 81, 4.626677
81, 518, 5.721097
518, 81, 5.721097
81, 111, 5.873255
111, 81, 5.873255
81, 154, 6.289883
154, 81, 6.289883
81, 450, 6.621552
450, 81, 6.621552
81, 125, 6.744182
125, 81, 6.744182
82, 64, 2.590581
64, 82, 2.590581
82, 485, 5.554591
485, 82, 5.554591
82, 899, 5.689302
899, 82, 5.689302
82, 338, 7.421602
338, 82, 7.421602
82, 219, 7.428728
219, 82, 7.428728
82, 299, 9.481431
299, 82, 9.481431
82, 379, 10.568172
379, 82, 10.568172
82, 426, 10.905355
426, 82, 10.905355
82, 83, 11.258894
83, 82, 11.258894
82, 385, 11.793258
385, 82, 11.793258
83, 136, 4.084729
136, 83, 4.084729
83, 573, 6.681589
573, 83, 6.681589
83, 219, 7.444916
219, 83, 7.444916
83, 305, 7.560078
305, 83, 7.560078
83, 569, 9.086848
569, 83, 9.086848
83, 443, 11.091898
443, 83, 11.091898
83, 82, 11.258894
82, 83, 11.258894
83, 211, 11.936371
211, 83, 11.936371
83, 455, 12.766400
455, 83, 12.766400
83, 124, 13.448901
124, 83, 13.448901
84, 245, 0.853533
245, 84, 0.853533
84, 96, 1.465528
96, 84, 1.465528
84, 223, 1.652622
223, 84, 1.652622
84, 749, 2.062856
749, 84, 2.062856
84, 383, 3.348668
383, 84, 3.348668
84, 170, 3.422170
170, 84, 3.422170
84, 450, 3.440982
450, 84, 3.440982
84, 598, 3.643381
598, 84, 3.643381
84, 111, 3.780274
111, 84, 3.780274
84, 470, 4.067807
470, 84, 4.067807
85, 527, 1.658546
527, 85, 1.658546
85, 921, 1.899236
921, 85, 1.899236
85, 285, 4.125306
285, 85, 4.125306
85, 829, 5.055903
829, 85, 5.055903
85, 105, 6.645847
105, 85, 6.645847
85, 711, 8.180929
711, 85, 8.180929
85, 758, 8.380554
758, 85, 8.380554
85, 211, 8.538759
211, 85, 8.538759
85, 443, 9.398205
443, 85, 9.398205
85, 800, 10.023829
800, 85, 10.023829
86, 705, 5.862114
705, 86, 5.862114
86, 900, 14.566667
900, 86, 14.566667
86, 250, 19.045647
250, 86, 19.045647
86, 599, 31.358097
599, 86, 31.358097
86, 164, 18.723500
164, 86, 18.723500
86, 641, 19.190542
641, 86, 19.190542
86, 357, 44.597009
357, 86, 44.597009
86, 87, 21.085831
87, 86, 21.085831
86, 519, 21.412181
519, 86, 21.412181
86, 555, 50.611574
555, 86, 50.611574
87, 519, 6.061167
519, 87, 6.061167
87, 106, 7.445994
106, 87, 7.445994
87, 617, 8.260445
617, 87, 8.260445
87, 86, 21.085831
86, 87, 21.085831
87, 871, 21.269890
871, 87, 21.269890
87, 405, 9.825976
405, 87, 9.825976
87, 60, 10.150064
60, 87, 10.150064
87, 705, 11.062232
705, 87, 11.062232
87, 773, 25.324112
773, 87, 25.324112
87, 992, 11.526812
992, 87, 11.526812
88, 724, 1.542439
724, 88, 1.542439
88, 859, 3.298176
859, 88, 3.298176
88, 20, 3.450918
20, 88, 3.450918
88, 336, 4.375980
336, 88, 4.375980
88, 679, 14.620356
679, 88, 14.620356
88, 123, 7.084216
123, 88, 7.084216
88, 514, 7.360849
514, 88, 7.360849
88, 964, 7.508749
964, 88, 7.508749
88, 180, 8.601371
180, 88, 8.601371
88, 657, 8.947824
657, 88, 8.947824
89, 19, 21.411085
19, 89, 21.411085
89, 838, 23.125218
838, 89, 23.125218
89, 436, 26.676577
436, 89, 26.676577
89, 663, 27.363211
663, 89, 27.363211
89, 337, 28.250157
337, 89, 28.250157
89, 941, 29.941686
941, 89, 29.941686
89, 298, 40.910955
298, 89, 40.910955
89, 916, 48.637786
916, 89, 48.637786
89, 515, 49.466589
515, 89, 49.466589
89, 805, 51.872627
805, 89, 51.872627
90, 816, 1.376571
816, 90, 1.376571
90, 371, 2.699597
371, 90, 2.699597
90, 830, 3.219016
830, 90, 3.219016
90, 990, 3.225299
990, 90, 3.225299
90, 493, 4.628666
493, 90, 4.628666
90, 265, 4.936002
265, 90, 4.936002
90, 870, 5.391979
870, 90, 5.391979
90, 665, 5.571938
665, 90, 5.571938
90, 465, 5.573579
465, 90, 5.573579
90, 1000, 5.945033
1000, 90, 5.945033
91, 220, 16.084531
220, 91, 16.084531
91, 504, 23.996234
504, 91, 23.996234
91, 688, 20.186988
688, 91, 20.186988
91, 346, 28.838483
346, 91, 28.838483
91, 358, 28.886206
358, 91, 28.886206
91, 878, 21.002660
878, 91, 21.002660
91, 99, 30.157807
99, 91, 30.157807
91, 575, 26.023529
575, 91, 26.023529
91, 500, 26.510857
500, 91, 26.510857
91, 92, 41.130067
92, 91, 41.130067
92, 99, 31.320876
99, 92, 31.320876
92, 346, 32.149881
346, 92, 32.149881
92, 861, 42.525466
861, 92, 42.525466
92, 410, 49.955381
410, 92, 49.955381
92, 347, 37.895594
347, 92, 37.895594
92, 224, 58.024501
224, 92, 58.024501
92, 91, 41.130067
91, 92, 41.130067
92, 681, 60.346300
681, 92, 60.346300
92, 358, 60.829829
358, 92, 60.829829
92, 674, 61.068425
674, 92, 61.068425
93, 188, 3.848945
188, 93, 3.848945
93, 37, 5.343309
37, 93, 5.343309
93, 756, 12.364327
756, 93, 12.364327
93, 595, 7.250833
595, 93, 7.250833
93, 730, 9.698394
730, 93, 9.698394
93, 774, 10.613438
774, 93, 10.613438
93, 668, 11.726019
668, 93, 11.726019
93, 108, 27.784170
108, 93, 27.784170
93, 833, 27.810194
833, 93, 27.810194
93, 129, 30.575478
129, 93, 30.575478
94, 298, 16.975509
298, 94, 16.975509
94, 26, 23.818430
26, 94, 23.818430
94, 480, 25.365376
480, 94, 25.365376
94, 633, 31.753429
633, 94, 31.753429
94, 838, 34.820010
838, 94, 34.820010
94, 436, 36.054829
436, 94, 36.054829
94, 684, 37.576355
684, 94, 37.576355
94, 805, 39.372621
805, 94, 39.372621
94, 916, 41.390696
916, 94, 41.390696
94, 746, 51.260249
746, 94, 51.260249
95, 985, 14.402311
985, 95, 14.402311
95, 887, 19.103474
887, 95, 19.103474
95, 759, 26.212773
759, 95, 26.212773
95, 745, 30.406623
745, 95, 30.406623
95, 310, 34.865479
310, 95, 34.865479
95, 266, 35.860964
266, 95, 35.860964
95, 809, 49.874657
809, 95, 49.874657
95, 56, 52.017746
56, 95, 52.017746
95, 632, 54.197537
632, 95, 54.197537
95, 296, 56.407235
296, 95, 56.407235
96, 223, 0.219434
223, 96, 0.219434
96, 84, 1.465528
84, 96, 1.465528
96, 245, 1.643409
245, 96, 1.643409
96, 598, 2.318337
598, 96, 2.318337
96, 170, 3.289848
170, 96, 3.289848
96, 749, 3.505738
749, 96, 3.505738
96, 450, 3.725783
450, 96, 3.725783
96, 383, 4.554646
383, 96, 4.554646
96, 111, 4.946551
111, 96, 4.946551
96, 959, 4.991993
959, 96, 4.991993
97, 824, 8.547239
824, 97, 8.547239
97, 615, 13.595209
615, 97, 13.595209
97, 117, 15.645597
117, 97, 15.645597
97, 151, 18.184633
151, 97, 18.184633
97, 120, 24.487249
120, 97, 24.487249
97, 178, 28.304293
178, 97, 28.304293
97, 993, 32.152131
993, 97, 32.152131
97, 396, 34.568835
396, 97, 34.568835
97, 373, 41.091461
373, 97, 41.091461
97, 562, 41.216635
562, 97, 41.216635
98, 950, 8.693943
950, 98, 8.693943
98, 272, 37.888038
272, 98, 37.888038
98, 980, 38.779272
980, 98, 38.779272
98, 741, 39.898652
741, 98, 39.898652
98, 247, 45.353945
247, 98, 45.353945
98, 166, 52.142553
166, 98, 52.142553
98, 29, 56.260728
29, 98, 56.260728
98, 457, 56.318640
457, 98, 56.318640
98, 80, 64.595581
80, 98, 64.595581
98, 743, 69.198760
743, 98, 69.198760
99, 346, 1.906554
346, 99, 1.906554
99, 358, 29.816582
358, 99, 29.816582
99, 92, 31.320876
92, 99, 31.320876
99, 504, 39.405128
504, 99, 39.405128
99, 91, 30.157807
91, 99, 30.157807
99, 410, 46.592886
410, 99, 46.592886
99, 115, 65.958209
115, 99, 65.958209
99, 706, 68.721294
706, 99, 68.721294
99, 187, 69.510252
187, 99, 69.510252
99, 861, 69.764081
861, 99, 69.764081
100, 291, 3.562582
291, 100, 3.562582
100, 122, 16.280197
122, 100, 16.280197
100, 149, 21.174209
149, 100, 21.174209
100, 456, 22.777103
456, 100, 22.777103
100, 658, 30.687910
658, 100, 30.687910
100, 458, 38.110931
458, 100, 38.110931
100, 555, 43.550584
555, 100, 43.550584
100, 621, 45.003457
621, 100, 45.003457
100, 982, 46.517746
982, 100, 46.517746
100, 871, 47.122844
871, 100, 47.122844
101, 362, 2.658764
362, 101, 2.658764
101, 437, 5.049884
437, 101, 5.049884
101, 289, 5.793941
289, 101, 5.793941
101, 148, 8.359150
148, 101, 8.359150
101, 382, 8.364872
382, 101, 8.364872
101, 253, 10.570888
253, 101, 10.570888
101, 430, 12.081752
430, 101, 12.081752
101, 433, 12.135246
433, 101, 12.135246
101, 177, 12.200106
177, 101, 12.200106
101, 156, 28.478098
156, 101, 28.478098
102, 625, 7.833431
625, 102, 7.833431
102, 905, 9.291213
905, 102, 9.291213
102, 840, 11.614885
840, 102, 11.614885
102, 821, 12.651468
821, 102, 12.651468
102, 8, 16.842564
8, 102, 16.842564
102, 134, 17.426624
134, 102, 17.426624
102, 487, 11.781294
487, 102, 11.781294
102, 423, 29.182374
423, 102, 29.182374
102, 9, 14.046166
9, 102, 14.046166
102, 947, 31.539941
947, 102, 31.539941
103, 398, 5.066077
398, 103, 5.066077
103, 566, 8.268219
566, 103, 8.268219
103, 271, 8.457211
271, 103, 8.457211
103, 293, 10.065661
293, 103, 10.065661
103, 374, 23.416508
374, 103, 23.416508
103, 238, 10.640668
238, 103, 10.640668
103, 542, 23.819009
542, 103, 23.819009
103, 774, 13.471935
774, 103, 13.471935
103, 442, 30.515779
442, 103, 30.515779
103, 639, 13.891651
639, 103, 13.891651
104, 627, 10.868456
627, 104, 10.868456
104, 445, 22.384046
445, 104, 22.384046
104, 203, 25.859880
203, 104, 25.859880
104, 463, 30.364921
463, 104, 30.364921
104, 202, 31.730587
202, 104, 31.730587
104, 694, 35.220119
694, 104, 35.220119
104, 194, 37.069381
194, 104, 37.069381
104, 820, 38.509807
820, 104, 38.509807
104, 252, 44.870549
252, 104, 44.870549
104, 304, 45.314458
304, 104, 45.314458
105, 829, 2.258536
829, 105, 2.258536
105, 711, 2.541106
711, 105, 2.541106
105, 146, 6.498813
146, 105, 6.498813
105, 85, 6.645847
85, 105, 6.645847
105, 527, 7.214962
527, 105, 7.214962
105, 921, 7.635284
921, 105, 7.635284
105, 285, 8.562185
285, 105, 8.562185
105, 443, 9.269528
443, 105, 9.269528
105, 606, 9.657274
606, 105, 9.657274
105, 455, 10.672305
455, 105, 10.672305
106, 617, 3.189756
617, 106, 3.189756
106, 60, 4.633846
60, 106, 4.633846
106, 519, 5.332656
519, 106, 5.332656
106, 405, 5.502161
405, 106, 5.502161
106, 812, 5.836717
812, 106, 5.836717
106, 584, 6.111736
584, 106, 6.111736
106, 87, 7.445994
87, 106, 7.445994
106, 718, 9.580659
718, 106, 9.580659
106, 992, 9.772910
992, 106, 9.772910
106, 937, 11.068994
937, 106, 11.068994
107, 737, 8.851945
737, 107, 8.851945
107, 400, 40.866354
400, 107, 40.866354
107, 325, 45.186837
325, 107, 45.186837
107, 417, 46.371803
417, 107, 46.371803
107, 100, 48.727943
100, 107, 48.727943
107, 689, 50.793028
689, 107, 50.793028
107, 291, 51.442350
291, 107, 51.442350
107, 149, 51.769400
149, 107, 51.769400
107, 621, 52.946835
621, 107, 52.946835
107, 469, 53.160696
469, 107, 53.160696
108, 524, 15.619651
524, 108, 15.619651
108, 255, 29.374953
255, 108, 29.374953
108, 944, 29.902584
944, 108, 29.902584
108, 595, 16.160455
595, 108, 16.160455
108, 214, 36.985647
214, 108, 36.985647
108, 756, 42.703463
756, 108, 42.703463
108, 129, 51.627568
129, 108, 51.627568
108, 698, 25.701809
698, 108, 25.701809
108, 93, 27.784170
93, 108, 27.784170
